##FastQC	0.11.9
>>Basic Statistics	pass
#Measure	Value
Filename	SRR16676626_2.fastq
File type	Conventional base calls
Encoding	Sanger / Illumina 1.9
Total Sequences	15455258
Sequences flagged as poor quality	0
Sequence length	100
%GC	54
>>END_MODULE
>>Per base sequence quality	fail
#Base	Mean	Median	Lower Quartile	Upper Quartile	10th Percentile	90th Percentile
1	29.553237351327297	33.0	33.0	33.0	15.0	33.0
2	32.989851091453794	37.0	37.0	37.0	22.0	37.0
3	32.954351198795905	37.0	37.0	37.0	22.0	37.0
4	32.97295114711123	37.0	37.0	37.0	22.0	37.0
5	32.81088681923006	37.0	37.0	37.0	15.0	37.0
6	32.79891665347806	37.0	37.0	37.0	15.0	37.0
7	32.740560267580136	37.0	37.0	37.0	15.0	37.0
8	32.75401484724487	37.0	37.0	37.0	15.0	37.0
9	32.797542493305514	37.0	37.0	37.0	15.0	37.0
10-11	32.70468852736072	37.0	37.0	37.0	15.0	37.0
12-13	33.83184253540122	37.0	37.0	40.0	15.0	40.0
14-15	33.73129445655323	37.0	35.0	40.0	15.0	40.0
16-17	33.599368318535994	37.0	33.0	40.0	15.0	40.0
18-19	33.49693204733302	37.0	33.0	40.0	15.0	40.0
20-21	33.379810838486165	37.0	33.0	40.0	15.0	40.0
22-23	33.212752579089916	37.0	33.0	40.0	6.0	40.0
24-25	33.03694933465361	37.0	33.0	40.0	6.0	40.0
26-27	32.87997443976671	37.0	33.0	40.0	4.0	40.0
28-29	32.67893298837198	37.0	33.0	40.0	2.0	40.0
30-31	32.55982633871269	37.0	33.0	40.0	2.0	40.0
32-33	32.36275754827257	37.0	33.0	40.0	2.0	40.0
34-35	32.109050363313244	37.0	33.0	40.0	2.0	40.0
36-37	31.84372302293498	37.0	33.0	40.0	2.0	40.0
38-39	31.599201611516285	37.0	33.0	40.0	2.0	40.0
40-41	31.26614845252017	37.0	33.0	37.0	2.0	40.0
42-43	28.471771548556486	35.0	24.0	37.0	2.0	38.5
44-45	27.083235750577572	33.0	22.0	37.0	2.0	38.5
46-47	27.326152141879483	33.0	22.0	37.0	2.0	40.0
48-49	26.29610424491134	33.0	18.5	37.0	2.0	38.5
50-51	26.304206536053943	33.0	18.5	37.0	2.0	37.0
52-53	26.609275399996555	33.0	15.0	37.0	2.0	40.0
54-55	26.432498473982122	33.0	15.0	37.0	2.0	40.0
56-57	26.162513301298496	33.0	15.0	37.0	2.0	38.5
58-59	25.78123082772219	33.0	15.0	37.0	2.0	37.0
60-61	25.370464763512842	33.0	15.0	37.0	2.0	37.0
62-63	25.093189353422634	33.0	10.5	37.0	2.0	37.0
64-65	24.73113978427277	33.0	6.0	37.0	2.0	37.0
66-67	24.371354945999606	33.0	6.0	37.0	2.0	37.0
68-69	24.006747606542703	33.0	4.0	37.0	2.0	37.0
70-71	23.615414863989976	33.0	2.0	35.0	2.0	37.0
72-73	23.237880888174107	33.0	2.0	33.0	2.0	37.0
74-75	22.851028724334462	30.0	2.0	33.0	2.0	37.0
76-77	22.48965300352799	27.0	2.0	33.0	2.0	37.0
78-79	22.176716202343563	27.0	2.0	33.0	2.0	37.0
80-81	21.773894554202847	27.0	2.0	33.0	2.0	37.0
82-83	21.389663213645477	27.0	2.0	33.0	2.0	37.0
84-85	21.06882599436386	27.0	2.0	33.0	2.0	37.0
86-87	20.73124945568686	27.0	2.0	33.0	2.0	37.0
88-89	20.276355431918383	27.0	2.0	33.0	2.0	37.0
90-91	19.82159692837221	27.0	2.0	33.0	2.0	37.0
92-93	19.16274726698189	27.0	2.0	33.0	2.0	37.0
94-95	17.936255221362202	22.0	2.0	33.0	2.0	37.0
96-97	13.21134325289167	2.0	2.0	30.0	2.0	35.0
98-99	3.7347953363185526	2.0	2.0	2.0	2.0	17.5
100	2.0	2.0	2.0	2.0	2.0	2.0
>>END_MODULE
>>Per sequence quality scores	pass
#Quality	Count
2	1298771.0
3	42853.0
4	36086.0
5	39461.0
6	42479.0
7	42093.0
8	47718.0
9	59094.0
10	69330.0
11	79885.0
12	94534.0
13	120141.0
14	163541.0
15	251452.0
16	419881.0
17	346768.0
18	222831.0
19	200795.0
20	200489.0
21	207381.0
22	220645.0
23	243140.0
24	274443.0
25	318160.0
26	375134.0
27	446043.0
28	533563.0
29	647556.0
30	789322.0
31	970301.0
32	1193687.0
33	1435809.0
34	1603367.0
35	1467913.0
36	813929.0
37	135898.0
38	765.0
>>END_MODULE
>>Per base sequence content	warn
#Base	G	A	T	C
1	29.213926940949513	21.391872303740243	23.609375589449158	25.784825165861086
2	29.10889316790397	26.578553384854953	18.174896522517184	26.137656924723895
3	32.68615322143404	27.716307029511245	19.334739922070437	20.262799826984278
4	28.588979038658113	30.887565219900694	18.221999295762892	22.301456445678305
5	25.313993657687224	15.870430988687753	34.9089384422964	23.90663691132862
6	24.3838666547267	23.621872034958567	23.253022821728187	28.741238488586546
7	28.860967100206956	19.730539181742575	24.467672246178868	26.9408214718716
8	26.541325404646994	35.4345296826539	18.617653698693744	19.40649121400536
9	32.57373425225955	22.8810232549412	16.938219650022532	27.60702284277672
10-11	29.52516003733126	20.41624458497443	24.06854313360005	25.990052244094265
12-13	29.11443823507308	21.64704379719905	23.312098980645604	25.92641898708226
14-15	31.02984510620235	21.835447501886186	22.252547161143127	24.882160230768335
16-17	30.73301920206187	21.808820547760014	22.768328262799624	24.68983198737849
18-19	30.312048853120327	22.416005389011154	22.51989980373594	24.75204595413258
20-21	31.968494514605233	21.975475376016934	21.757645835948367	24.298384273429466
22-23	30.283881739523054	24.074964631447973	21.62692944528881	24.01422418374016
24-25	28.721979992513504	25.606630961694083	21.680047186686664	23.991341859105752
26-27	29.739301883564256	23.94690628666653	21.711149238475144	24.60264259129407
28-29	31.20674983254503	22.330104030643376	22.027547625281542	24.43559851153005
30-31	29.8380644060389	23.68485932707128	22.284283940590463	24.192792326299358
32-33	29.96693908766972	24.019071174206587	21.67251772513849	24.341472012985204
34-35	27.2527998148857	24.193405613839467	23.18324891634889	25.370545654925934
36-37	25.819276851556864	22.625679607948708	24.912907525759724	26.642136014734696
38-39	30.64237315333409	21.983642059983644	22.008795927241103	25.36518885944116
40-41	31.499858822634152	21.95321789434679	22.079670883157522	24.467252399861536
42-43	32.424016871114254	21.912838809900233	21.403037974552035	24.260106344433474
44-45	30.39587473379637	21.485856415102887	21.733411225540014	26.384857625560727
46-47	30.824948200735626	21.606458762726838	21.236517917054396	26.33207511948314
48-49	29.535793192232994	21.36053039174873	21.14631717802606	27.95735923799222
50-51	28.66564506034312	22.929199402718663	22.357253013915784	26.047902523022433
52-53	26.86556109114105	21.72997233172087	23.745117193353714	27.659349383784367
54-55	26.232637103699584	23.427666296267287	24.539963029628634	25.79973357040449
56-57	25.751459409402283	23.83615389461453	25.14889644357024	25.263490252412947
58-59	25.63373337849104	27.73672472648429	21.4969430034376	25.132598891587065
60-61	25.70933919006987	28.282500989872105	21.0476226132656	24.960537206792427
62-63	25.795796103457025	28.347991418480824	20.814003236160758	25.042209241901396
64-65	25.77461451752236	28.129512187883776	20.87971882883837	25.216154465755498
66-67	26.09681699006324	27.446084247988008	21.10432608990916	25.352772672039592
68-69	26.54179474896734	26.24047913635984	21.253102908884635	25.964623205788186
70-71	27.168723652389147	25.53926331309599	21.301625097118166	25.990387937396697
72-73	27.701209230033257	24.732506864563717	21.379350644782953	26.186933260620073
74-75	28.116058017191463	23.836697342300678	21.576884803594695	26.470359836913165
76-77	27.929168112190123	23.770382935347776	21.70408077801942	26.59636817444268
78-79	28.391191674877515	23.37479767057707	21.515686824681747	26.718323829863667
80-81	28.596617346157604	22.845804593043074	21.634493522303227	26.923084538496095
82-83	28.488050933277087	22.934480813516682	21.556804767954276	27.020663485251955
84-85	28.811436936479044	22.94272781692157	21.477581455151938	26.768253791447442
86-87	28.876276932210786	22.69769818265448	21.465523215776287	26.96050166935845
88-89	28.86401170977888	22.629844105974875	21.598102223469684	26.908041960776565
90-91	28.979369730672516	22.485939778539567	21.685401350101905	26.84928914068601
92-93	29.317252049824123	22.256435823489802	21.371857238788273	27.054454887897805
94-95	29.033280960985238	22.252986787251753	21.63934097275416	27.074391279008847
96-97	29.123568227350376	22.293069040978597	21.528295532006865	27.05506719966416
98-99	36.669924910142825	18.252719358064766	19.462177431135373	25.615178300657043
100	NaN	NaN	NaN	NaN
>>END_MODULE
>>Per sequence GC content	pass
#GC Content	Count
0	162.0
1	127.5
2	93.0
3	93.0
4	111.5
5	129.0
6	143.5
7	177.0
8	223.5
9	293.5
10	362.5
11	455.5
12	571.0
13	674.5
14	854.5
15	1093.5
16	1366.5
17	1758.0
18	2258.0
19	3019.5
20	4130.5
21	5619.5
22	7882.5
23	11087.0
24	15778.0
25	21991.0
26	29367.0
27	38278.0
28	48935.0
29	61869.0
30	76478.5
31	93147.5
32	112116.5
33	128016.0
34	141669.5
35	156838.0
36	173344.0
37	191216.5
38	205965.0
39	222035.0
40	243192.0
41	263011.0
42	281373.5
43	298015.0
44	323678.0
45	364035.5
46	397690.5
47	433102.5
48	465748.0
49	485532.0
50	514464.5
51	547424.5
52	566207.0
53	573026.0
54	575498.0
55	569580.5
56	565767.5
57	555748.0
58	529953.5
59	502378.0
60	478653.5
61	444713.5
62	408984.5
63	378518.0
64	342062.0
65	304256.0
66	275147.5
67	245111.5
68	220819.5
69	207607.5
70	186053.5
71	159789.5
72	137627.0
73	126730.5
74	114003.5
75	96783.0
76	82336.0
77	71797.0
78	64264.0
79	55817.5
80	47219.5
81	39126.5
82	32796.5
83	28437.5
84	22935.5
85	17468.0
86	14152.5
87	11710.5
88	8290.0
89	5072.0
90	3559.5
91	2561.0
92	1870.5
93	1342.5
94	886.5
95	591.0
96	425.5
97	321.0
98	238.0
99	103.5
100	0.0
>>END_MODULE
>>Per base N content	fail
#Base	N-Count
1	0.007835521089327658
2	0.02008377990195958
3	0.030015674924352604
4	0.0015269884203809475
5	0.002122255092732842
6	0.0010481869665326842
7	1.552869580048421E-4
8	0.0031769123491823944
9	0.0017016862481363947
10-11	7.376130505230001E-4
12-13	2.232250021319605E-4
14-15	0.005163291353661
16-17	0.0188091327883365
18-19	0.010274820387987053
20-21	0.024111535375210172
22-23	0.032946716256694
24-25	0.022270737893861105
26-27	0.011581818951194473
28-29	0.026460250615033407
30-31	0.010643626913248553
32-33	0.008793123997024185
34-35	0.0066126362950395265
36-37	0.005509451864213461
38-39	0.0024457695885762632
40-41	0.008369320007469302
42-43	0.35414484830987614
44-45	0.042432161274823105
46-47	0.10723534993721878
48-49	0.13201009002890796
50-51	0.15531283916450958
52-53	0.15326499240582073
54-55	0.17092241358895463
56-57	0.17090623786416248
58-59	0.21836581440439232
60-61	0.19595596527731857
62-63	0.21533124843338106
64-65	0.25250629915074857
66-67	0.24563808640399276
68-69	0.26327609671737606
70-71	0.27390678305079086
72-73	0.2908783535027367
74-75	0.34869686419987295
76-77	0.30446919747311885
78-79	0.2895195926201944
80-81	0.3318449941113891
82-83	0.33269583723545737
84-85	0.32134047843135327
86-87	0.33571422748167645
88-89	0.3103442207176354
90-91	0.3166527533865821
92-93	0.3418836489174105
94-95	0.36381469659063603
96-97	0.3724428281947801
98-99	50.19228731089446
100	100.0
>>END_MODULE
>>Sequence Length Distribution	pass
#Length	Count
100	1.5455258E7
>>END_MODULE
>>Sequence Duplication Levels	warn
#Total Deduplicated Percentage	58.78016453063446
#Duplication Level	Percentage of deduplicated	Percentage of total
1	84.8970682739575	49.90263641311729
2	8.651224884764515	10.170408442359546
3	2.549268629112502	4.495392883560536
4	1.1801278731429579	2.7747244220212313
5	0.6346833927352604	1.8653397124919948
6	0.42231718153797243	1.4894324048949503
7	0.2719345468707885	1.118905018463993
8	0.19500658699989687	0.9170015414729137
9	0.15668036395725596	0.8288727814914475
>10	0.9045350915961808	9.855467485495998
>50	0.06922211255754213	2.8157645416386052
>100	0.056635985403800326	6.891494793505659
>500	0.007501206877503201	3.0730550779570516
>1k	0.003738241886887996	3.6135530303738936
>5k	5.5628599507261844E-5	0.18795145115499037
>10k+	0.0	0.0
>>END_MODULE
>>Overrepresented sequences	pass
>>END_MODULE
>>Adapter Content	pass
#Position	Illumina Universal Adapter	Illumina Small RNA 3' Adapter	Illumina Small RNA 5' Adapter	Nextera Transposase Sequence	SOLID Small RNA Adapter
1	0.0	0.0	0.0	0.0	6.470289916868421E-6
2	3.235144958434211E-5	0.0	0.0	0.0	6.470289916868421E-6
3	5.176231933494737E-5	0.0	0.0	0.0	6.470289916868421E-6
4	5.823260925181579E-5	0.0	0.0	0.0	6.470289916868421E-6
5	6.470289916868422E-5	0.0	6.470289916868421E-6	0.0	6.470289916868421E-6
6	1.6175724792171054E-4	0.0	6.470289916868421E-6	6.470289916868421E-6	6.470289916868421E-6
7	2.0057898742292105E-4	0.0	6.470289916868421E-6	6.470289916868421E-6	6.470289916868421E-6
8	4.658608740145263E-4	0.0	1.2940579833736843E-5	6.470289916868421E-6	6.470289916868421E-6
9	4.91742033682E-4	0.0	1.2940579833736843E-5	6.470289916868421E-6	6.470289916868421E-6
10-11	8.087862396085526E-4	0.0	1.2940579833736843E-5	6.470289916868421E-6	6.470289916868421E-6
12-13	0.001184063054786921	0.0	1.2940579833736843E-5	6.470289916868421E-6	6.470289916868421E-6
14-15	0.0012617065337893422	0.0	1.2940579833736843E-5	6.470289916868421E-6	1.2940579833736843E-5
16-17	0.0013361148678333289	0.0	1.2940579833736843E-5	6.470289916868421E-6	3.235144958434211E-5
18-19	0.001426698926669487	0.0	1.9410869750605262E-5	6.470289916868421E-6	3.235144958434211E-5
20-21	0.0016208076241755395	0.0	2.2646014709039474E-5	6.470289916868421E-6	3.235144958434211E-5
22-23	0.0017275674078038685	0.0	2.9116304625907897E-5	6.470289916868421E-6	3.558659454277632E-5
24-25	0.0018634434960581054	0.0	3.235144958434211E-5	1.9410869750605262E-5	3.8821739501210525E-5
26-27	0.0020510819036472895	0.0	3.235144958434211E-5	1.9410869750605262E-5	4.529202941807895E-5
28-29	0.0022387203112364737	6.470289916868421E-6	3.8821739501210525E-5	1.9410869750605262E-5	4.852717437651316E-5
30-31	0.0024942967629527765	2.9116304625907897E-5	3.8821739501210525E-5	1.9410869750605262E-5	5.176231933494737E-5
32-33	0.002597821401622671	3.235144958434211E-5	3.8821739501210525E-5	1.9410869750605262E-5	5.176231933494737E-5
34-35	0.002733697489876908	3.235144958434211E-5	3.8821739501210525E-5	1.9410869750605262E-5	5.176231933494737E-5
36-37	0.0028372221285468025	3.235144958434211E-5	3.8821739501210525E-5	1.9410869750605262E-5	6.146775421025E-5
38-39	0.0029569224920088684	3.235144958434211E-5	3.8821739501210525E-5	1.9410869750605262E-5	7.440833404398684E-5
40-41	0.0031186797399305787	3.235144958434211E-5	3.8821739501210525E-5	1.9410869750605262E-5	8.734891387772369E-5
42-43	0.0032383801033926446	3.235144958434211E-5	4.2056884459644736E-5	1.9410869750605262E-5	1.1970036346206579E-4
44-45	0.0034389590908155657	3.235144958434211E-5	4.529202941807895E-5	1.9410869750605262E-5	1.229355084205E-4
46-47	0.0035877757589035395	3.235144958434211E-5	4.852717437651316E-5	1.9410869750605262E-5	1.2940579833736843E-4
48-49	0.0037462978618668158	3.235144958434211E-5	5.823260925181579E-5	1.9410869750605262E-5	1.3911123321267105E-4
50-51	0.003882173950121052	3.235144958434211E-5	5.823260925181579E-5	3.235144958434211E-5	1.4234637817110525E-4
52-53	0.004043931198042763	3.235144958434211E-5	5.823260925181579E-5	3.235144958434211E-5	1.4234637817110525E-4
54-55	0.004244510185465684	3.235144958434211E-5	6.470289916868422E-5	3.235144958434211E-5	1.4558152312953946E-4
56-57	0.004419208013221132	3.235144958434211E-5	6.470289916868422E-5	3.235144958434211E-5	1.488166680879737E-4
58-59	0.004577730116184408	3.235144958434211E-5	6.470289916868422E-5	3.235144958434211E-5	1.488166680879737E-4
60-61	0.004752427943939855	3.235144958434211E-5	7.117318908555263E-5	3.235144958434211E-5	1.488166680879737E-4
62-63	0.00495624207632121	3.235144958434211E-5	7.764347900242105E-5	3.235144958434211E-5	1.6175724792171054E-4
64-65	0.00524740512258029	3.235144958434211E-5	8.087862396085525E-5	3.235144958434211E-5	1.6822753783857897E-4
66-67	0.005606506212966487	3.558659454277632E-5	8.411376891928947E-5	3.235144958434211E-5	1.7469782775544738E-4
68-69	0.006030310202521368	3.8821739501210525E-5	9.05840588361579E-5	3.8821739501210525E-5	1.7793297271388159E-4
70-71	0.006648222889582302	3.8821739501210525E-5	9.05840588361579E-5	3.8821739501210525E-5	1.941086975060526E-4
72-73	0.0072726058665601055	3.8821739501210525E-5	1.0999492858676316E-4	3.8821739501210525E-5	2.1675471221509212E-4
74-75	0.00839843631209521	4.2056884459644736E-5	1.1646521850363157E-4	5.176231933494737E-5	2.1998985717352633E-4
76-77	0.009980422196769539	4.529202941807895E-5	1.1646521850363157E-4	5.176231933494737E-5	2.1998985717352633E-4
78-79	0.012219142508006015	4.529202941807895E-5	1.3264094329580264E-4	5.176231933494737E-5	2.2646014709039474E-4
80-81	0.01535076282777033	4.529202941807895E-5	1.4234637817110525E-4	5.8232609251815794E-5	2.3293043700726315E-4
82-83	0.020400824107886132	5.176231933494737E-5	1.4234637817110525E-4	6.470289916868422E-5	2.3616558196569735E-4
84-85	0.027388737218104024	5.176231933494737E-5	1.4234637817110525E-4	6.470289916868422E-5	2.523413067578684E-4
86-87	0.03782531485401279	5.176231933494737E-5	1.4234637817110525E-4	6.793804412711842E-5	2.523413067578684E-4
88-89	0.04085988082502408	5.176231933494737E-5	1.4234637817110525E-4	7.117318908555263E-5	2.523413067578684E-4
>>END_MODULE
