##FastQC	0.11.9
>>Basic Statistics	pass
#Measure	Value
Filename	SRR16676639_2.fastq
File type	Conventional base calls
Encoding	Sanger / Illumina 1.9
Total Sequences	10296869
Sequences flagged as poor quality	0
Sequence length	100
%GC	55
>>END_MODULE
>>Per base sequence quality	fail
#Base	Mean	Median	Lower Quartile	Upper Quartile	10th Percentile	90th Percentile
1	28.134402312003775	33.0	27.0	33.0	15.0	33.0
2	31.64715808271427	37.0	33.0	37.0	15.0	37.0
3	31.616810993710807	37.0	33.0	37.0	15.0	37.0
4	31.46850979652164	37.0	33.0	37.0	15.0	37.0
5	31.552522227873347	37.0	33.0	37.0	15.0	37.0
6	31.543437330318564	37.0	33.0	37.0	15.0	37.0
7	31.428824626204335	37.0	33.0	37.0	15.0	37.0
8	31.460533488383703	37.0	33.0	37.0	15.0	37.0
9	31.254919238071302	37.0	33.0	37.0	15.0	37.0
10-11	31.126612225522145	37.0	33.0	37.0	15.0	37.0
12-13	31.87652600999391	37.0	33.0	37.0	15.0	40.0
14-15	31.72793030580461	37.0	33.0	37.0	15.0	40.0
16-17	31.29404117892536	37.0	33.0	37.0	15.0	40.0
18-19	31.3541257055907	37.0	33.0	37.0	15.0	40.0
20-21	31.04811380041836	37.0	33.0	37.0	6.0	40.0
22-23	30.956649929216347	37.0	30.0	37.0	6.0	40.0
24-25	30.733280767192433	37.0	27.0	37.0	6.0	40.0
26-27	30.55855134216042	37.0	27.0	37.0	6.0	40.0
28-29	30.10734277575057	35.0	27.0	37.0	2.0	40.0
30-31	29.852103537492805	37.0	27.0	37.0	2.0	40.0
32-33	29.614680685944435	33.0	27.0	37.0	2.0	40.0
34-35	29.44736972957508	33.0	27.0	37.0	2.0	40.0
36-37	29.25703085083437	33.0	27.0	37.0	2.0	40.0
38-39	28.896457505674782	33.0	27.0	37.0	2.0	40.0
40-41	28.301963004482236	33.0	22.0	37.0	2.0	40.0
42-43	24.713101089272868	30.0	14.0	35.0	2.0	38.5
44-45	23.51884883647641	30.0	6.0	35.0	2.0	37.0
46-47	23.975962547450102	33.0	6.0	37.0	2.0	37.0
48-49	23.158068680877655	30.0	6.0	35.0	2.0	37.0
50-51	23.096143740393316	27.0	2.0	35.0	2.0	37.0
52-53	23.238322736746483	27.0	2.0	37.0	2.0	37.0
54-55	22.98708160703997	27.0	2.0	37.0	2.0	37.0
56-57	22.596487534220355	27.0	2.0	35.0	2.0	37.0
58-59	22.203335887831535	27.0	2.0	33.0	2.0	37.0
60-61	21.733641265126323	27.0	2.0	33.0	2.0	37.0
62-63	21.387659297209666	27.0	2.0	33.0	2.0	37.0
64-65	20.882928344528807	27.0	2.0	33.0	2.0	37.0
66-67	20.368044693974447	27.0	2.0	33.0	2.0	37.0
68-69	19.9258433801576	27.0	2.0	33.0	2.0	37.0
70-71	19.443344331174846	27.0	2.0	33.0	2.0	37.0
72-73	19.02680358466248	22.0	2.0	33.0	2.0	37.0
74-75	18.553526125271674	22.0	2.0	33.0	2.0	37.0
76-77	18.06921225277315	22.0	2.0	33.0	2.0	35.0
78-79	17.6932550079058	22.0	2.0	33.0	2.0	33.0
80-81	17.27493668220893	18.5	2.0	33.0	2.0	33.0
82-83	16.807824883467006	15.0	2.0	33.0	2.0	33.0
84-85	16.334542908140328	15.0	2.0	33.0	2.0	33.0
86-87	15.873562050755428	10.5	2.0	33.0	2.0	33.0
88-89	15.351025005756604	4.0	2.0	33.0	2.0	33.0
90-91	14.745499335768962	2.0	2.0	33.0	2.0	33.0
92-93	13.97508208563205	2.0	2.0	33.0	2.0	33.0
94-95	12.757195463980361	2.0	2.0	33.0	2.0	33.0
96-97	9.385821894014578	2.0	2.0	17.5	2.0	33.0
98-99	2.8882438438325284	2.0	2.0	2.0	2.0	2.0
100	2.0	2.0	2.0	2.0	2.0	2.0
>>END_MODULE
>>Per sequence quality scores	fail
#Quality	Count
2	657808.0
3	61630.0
4	57266.0
5	61417.0
6	66124.0
7	71869.0
8	86240.0
9	106037.0
10	123849.0
11	142039.0
12	168085.0
13	209299.0
14	264524.0
15	336778.0
16	351435.0
17	252532.0
18	221321.0
19	218801.0
20	222069.0
21	230234.0
22	246931.0
23	268953.0
24	299482.0
25	338979.0
26	385191.0
27	436287.0
28	492455.0
29	547863.0
30	599059.0
31	630455.0
32	637935.0
33	595584.0
34	485426.0
35	303013.0
36	108921.0
37	10950.0
38	28.0
>>END_MODULE
>>Per base sequence content	fail
#Base	G	A	T	C
1	28.587213644208926	21.31519089349923	23.236054543886194	26.861540918405645
2	28.549356131434983	27.20413793706523	19.06557320504057	25.180932726459215
3	30.356543262269124	28.508848632385163	20.217448077582247	20.91716002776346
4	25.151276626429503	31.650934532015327	19.230824139191878	23.966964702363292
5	22.27345766390925	15.029910721873263	37.08927569872213	25.60735591549535
6	23.96264930512763	20.765369144906714	23.931717314038764	31.34026423592689
7	26.382108345457624	19.24402313218359	25.492270771285476	28.88159775107332
8	26.15013552714768	34.072496098313756	19.078026926733763	20.69934144780481
9	29.34652269152645	23.390178489484722	17.665384538810304	29.59791428017852
10-11	26.845328047177997	20.773292024845112	25.20619807961369	27.175181848363206
12-13	27.566907771026806	22.109476685249163	23.939703126781502	26.38391241694253
14-15	28.346995895452775	22.29235412871533	22.990140753833124	26.370509221998773
16-17	28.262917337355333	22.185977837843506	23.36047946905935	26.190625355741815
18-19	28.20662188237288	22.143046703007872	23.38991059247207	26.260420822147175
20-21	29.128594982687435	22.48462189871153	22.72846750127297	25.65831561732807
22-23	28.701903322278135	23.624544347519347	22.366153427212453	25.307398902990073
24-25	28.011490027241727	24.325583087408845	22.39756327725823	25.265363608091203
26-27	28.08534036445145	23.488359704315815	22.387622144933577	26.038677786299157
28-29	28.778048494034103	22.9084433001418	22.59316534116514	25.720342864658956
30-31	28.55206703135826	23.359159773260064	22.626822527226096	25.46195066815558
32-33	28.56314331048392	23.50169522835152	22.167889619650953	25.767271841513605
34-35	27.831002855778706	23.670786716336213	22.499751367382277	25.998459060502803
36-37	26.867670689625285	22.827012552949842	23.414996377457868	26.890320379967008
38-39	28.94680270887271	22.32078347397877	22.400536751601027	26.331877065547495
40-41	29.519928607910593	22.36700386937043	22.48703167397431	25.626035848744667
42-43	29.572619808820928	22.297889753303007	22.4457391960022	25.683751241873864
44-45	30.645559216117768	21.47621511983792	21.402725431997176	26.47550023204714
46-47	30.527864519319024	21.702203887997417	21.51789127514391	26.25204031753965
48-49	29.501576942939202	21.27445437997925	21.35473440432674	27.869234272754813
50-51	29.54151008595531	21.955980035345362	21.54362718976741	26.95888268893192
52-53	28.51665920050543	21.642133697259254	22.38657934986237	27.454627752372947
54-55	28.172523623255202	22.228991836632865	22.697520156988915	26.90096438312302
56-57	27.749769242227025	22.394953727115517	23.271976720612187	26.58330031004527
58-59	27.532952421026124	24.518918226693312	21.406078952493914	26.542050399786653
60-61	27.688843864970664	25.00183627151368	20.964028438227487	26.34529142528817
62-63	27.98561350946771	24.99401187291246	20.697005829416785	26.323368788203044
64-65	27.933861041277403	24.874839540368082	20.69408013462062	26.4972192837339
66-67	28.253570952896933	24.475007429524627	20.96132282181107	26.310098795767367
68-69	28.550982985718747	23.44806609884265	21.112386135905965	26.888564779532643
70-71	29.228026963172994	23.16238860754596	21.021711627594595	26.58787280168645
72-73	29.624659065402923	22.71659432386337	20.951642159486347	26.707104451247353
74-75	29.84614891465458	21.865647553107355	21.236677916355823	27.051525615882237
76-77	29.522403598834025	21.92976176910858	21.316887698107767	27.230946933949628
78-79	30.100921478143256	21.634876336133573	20.978974367463632	27.285227818259543
80-81	30.211427312512257	21.266183958220623	21.23363667125521	27.288752058011912
82-83	30.275243567570293	21.503138570682875	20.91296736701836	27.308650494728475
84-85	30.584208323095325	21.595410513611704	20.776226741044347	27.044154422248624
86-87	30.699383560286027	21.358806353646017	20.792214094477437	27.14959599159052
88-89	30.767708328311134	21.15968932630045	20.925651121926762	27.146951223461656
90-91	30.647962740838526	21.035960833253917	21.20130398689176	27.114772439015805
92-93	31.027798504400263	20.869289402840934	20.69993156033808	27.402980532420727
94-95	30.876099761579358	20.95144021789048	20.916830219172457	27.255629801357706
96-97	31.26620545589124	20.74857826700334	20.782565741444504	27.202650535660922
98-99	35.45839372181012	18.447743397952923	20.62874988301925	25.465112997217716
100	NaN	NaN	NaN	NaN
>>END_MODULE
>>Per sequence GC content	pass
#GC Content	Count
0	943.0
1	689.5
2	356.0
3	253.0
4	240.0
5	260.0
6	277.0
7	299.5
8	340.0
9	360.0
10	393.5
11	483.0
12	584.0
13	687.0
14	810.0
15	953.5
16	1161.5
17	1469.5
18	1922.0
19	2531.0
20	3411.5
21	4696.5
22	6425.5
23	8808.5
24	12161.0
25	16458.0
26	21798.0
27	28472.5
28	36613.0
29	45726.5
30	55216.0
31	65727.0
32	76506.0
33	85747.0
34	94134.5
35	102931.5
36	112072.0
37	121689.5
38	130977.5
39	139299.0
40	150207.0
41	163419.0
42	176822.0
43	189252.0
44	204290.5
45	229468.5
46	251332.0
47	274897.0
48	298382.0
49	309609.5
50	324619.0
51	342450.5
52	350850.5
53	351945.0
54	351487.0
55	345407.0
56	341240.5
57	334237.5
58	319468.5
59	306378.5
60	297995.0
61	284097.0
62	265432.0
63	249434.5
64	229047.5
65	207922.0
66	192459.0
67	175091.0
68	161807.5
69	158853.0
70	149970.0
71	134045.5
72	119712.5
73	112263.5
74	105093.0
75	93883.0
76	81626.0
77	70936.0
78	63726.0
79	56687.0
80	49743.0
81	43097.0
82	37329.0
83	33476.0
84	28427.0
85	22322.0
86	17731.0
87	15189.0
88	12241.0
89	8368.5
90	5932.5
91	4407.5
92	3126.5
93	2219.0
94	1453.5
95	925.5
96	717.0
97	501.0
98	296.0
99	110.0
100	0.0
>>END_MODULE
>>Per base N content	fail
#Base	N-Count
1	0.022657372838287056
2	0.04646072510002798
3	0.04083765657308061
4	3.8846760117080254E-5
5	0.0038264058715324046
6	8.352053425172254E-4
7	4.467377413464229E-4
8	3.7875591114153244E-4
9	0.0017869509653856916
10-11	3.350533060098172E-4
12-13	8.060702724294153E-4
14-15	0.002330805607024815
16-17	0.014383012933348961
18-19	0.0046276202989471845
20-21	0.019763289209564577
22-23	0.03423856319819161
24-25	0.024769665419653294
26-27	0.0052977269109668185
28-29	0.026979074901312235
30-31	0.0030591823592200696
32-33	0.005982401058030358
34-35	0.005370564586186345
36-37	0.008959034052001633
38-39	0.0011022768183221521
40-41	0.021084079053545306
42-43	0.4392014698837093
44-45	0.015023984475280786
46-47	0.08392842523295188
48-49	0.11285469398513276
50-51	0.14468475805606537
52-53	0.14492755030679716
54-55	0.15182770607259352
56-57	0.14551510755356797
58-59	0.1998228781972462
60-61	0.17372271124358288
62-63	0.1969870647086993
64-65	0.22586477501073385
66-67	0.21351636113851696
68-69	0.21908601537030337
70-71	0.22556856846484113
72-73	0.24558436161516672
74-75	0.3222144517911221
76-77	0.28260046816172957
78-79	0.26706176411489746
80-81	0.30887544553591967
82-83	0.3038642134808164
84-85	0.2990860619864155
86-87	0.3064086762684851
88-89	0.2909185306717994
90-91	0.28585874016654966
92-93	0.30710791795059256
94-95	0.34363358415067724
96-97	0.3613428509190512
98-99	50.966575373543165
100	100.0
>>END_MODULE
>>Sequence Length Distribution	pass
#Length	Count
100	1.0296869E7
>>END_MODULE
>>Sequence Duplication Levels	warn
#Total Deduplicated Percentage	61.752615457080374
#Duplication Level	Percentage of deduplicated	Percentage of total
1	88.5233305252339	54.665471889047936
2	6.630671581892489	8.189226248375954
3	1.9318374384888752	3.57888043393784
4	0.8519075387381255	2.1043007457873304
5	0.4858432387528146	1.5001045347562525
6	0.305735765114942	1.1327989880771554
7	0.2200310966364541	0.9511246989433447
8	0.15478844634153247	0.7646873123302058
9	0.11981316414074068	0.665889862669129
>10	0.6445522595978954	7.263081011337659
>50	0.058376224138900194	2.5086278933931743
>100	0.059181305043339225	7.827499419690989
>500	0.009235463446565305	3.918512401100158
>1k	0.0046331303272328615	4.687485402591602
>5k	6.282210613197101E-5	0.24230915796123165
>10k+	0.0	0.0
>>END_MODULE
>>Overrepresented sequences	pass
>>END_MODULE
>>Adapter Content	pass
#Position	Illumina Universal Adapter	Illumina Small RNA 3' Adapter	Illumina Small RNA 5' Adapter	Nextera Transposase Sequence	SOLID Small RNA Adapter
1	0.0	0.0	0.0	9.711690029270062E-6	9.711690029270062E-6
2	3.884676011708025E-5	0.0	9.711690029270062E-6	9.711690029270062E-6	1.9423380058540124E-5
3	4.8558450146350315E-5	0.0	1.9423380058540124E-5	9.711690029270062E-6	2.9135070087810187E-5
4	6.798183020489044E-5	0.0	1.9423380058540124E-5	9.711690029270062E-6	2.9135070087810187E-5
5	6.798183020489044E-5	0.0	1.9423380058540124E-5	9.711690029270062E-6	2.9135070087810187E-5
6	1.55387040468321E-4	0.0	1.9423380058540124E-5	1.9423380058540124E-5	3.884676011708025E-5
7	1.7481042052686112E-4	0.0	1.9423380058540124E-5	1.9423380058540124E-5	4.8558450146350315E-5
8	3.2048577096591206E-4	0.0	1.9423380058540124E-5	1.9423380058540124E-5	4.8558450146350315E-5
9	3.3990915102445217E-4	0.0	1.9423380058540124E-5	2.9135070087810187E-5	5.8270140175620375E-5
10-11	7.76935202341605E-4	0.0	1.9423380058540124E-5	2.9135070087810187E-5	6.798183020489044E-5
12-13	0.0013159339989660935	0.0	1.9423380058540124E-5	2.9135070087810187E-5	6.798183020489044E-5
14-15	0.0014907444194929547	0.0	1.9423380058540124E-5	2.9135070087810187E-5	7.283767521952547E-5
16-17	0.0016121405448588303	0.0	1.9423380058540124E-5	2.9135070087810187E-5	7.76935202341605E-5
18-19	0.0017432483602539761	0.0	1.9423380058540124E-5	3.3990915102445214E-5	8.740521026343056E-5
20-21	0.0018986354007222972	0.0	2.4279225073175154E-5	4.370260513171528E-5	1.0197274530733566E-4
22-23	0.0021025808913369684	0.0	2.9135070087810187E-5	4.8558450146350315E-5	1.0682859032197068E-4
24-25	0.002359940677112625	0.0	2.9135070087810187E-5	4.8558450146350315E-5	1.262519703805108E-4
26-27	0.0026075887728590117	9.711690029270062E-6	2.9135070087810187E-5	4.8558450146350315E-5	1.3110781539514584E-4
28-29	0.0027872550384005082	9.711690029270062E-6	2.9135070087810187E-5	6.312598519025542E-5	1.4567535043905094E-4
30-31	0.0029426420788688287	2.4279225073175154E-5	2.9135070087810187E-5	6.798183020489044E-5	1.4567535043905094E-4
32-33	0.0031611551045274055	2.9135070087810187E-5	2.9135070087810187E-5	6.798183020489044E-5	1.55387040468321E-4
34-35	0.0033796681301859815	2.9135070087810187E-5	2.9135070087810187E-5	6.798183020489044E-5	1.55387040468321E-4
36-37	0.003539911015668938	2.9135070087810187E-5	3.884676011708025E-5	6.798183020489044E-5	1.55387040468321E-4
38-39	0.0037827032664006894	2.9135070087810187E-5	3.884676011708025E-5	6.798183020489044E-5	1.6024288548295603E-4
40-41	0.004025495517132441	2.9135070087810187E-5	3.884676011708025E-5	6.798183020489044E-5	1.7481042052686112E-4
42-43	0.004219729317717842	2.9135070087810187E-5	3.884676011708025E-5	7.76935202341605E-5	1.9423380058540126E-4
44-45	0.004370260513171529	2.9135070087810187E-5	3.884676011708025E-5	7.76935202341605E-5	1.9423380058540126E-4
46-47	0.004486800793522769	2.9135070087810187E-5	3.884676011708025E-5	7.76935202341605E-5	1.9423380058540126E-4
48-49	0.004666467059064264	2.9135070087810187E-5	3.884676011708025E-5	7.76935202341605E-5	2.2822471568784646E-4
50-51	0.004816998254517951	3.884676011708025E-5	3.884676011708025E-5	7.76935202341605E-5	2.670714758049267E-4
52-53	0.005016087900117988	3.884676011708025E-5	3.884676011708025E-5	7.76935202341605E-5	2.913507008781019E-4
54-55	0.005113204800410688	3.884676011708025E-5	4.8558450146350315E-5	7.76935202341605E-5	2.913507008781019E-4
56-57	0.005312294446010724	4.370260513171528E-5	4.8558450146350315E-5	7.76935202341605E-5	3.0106239090737195E-4
58-59	0.00551138409161076	4.8558450146350315E-5	4.8558450146350315E-5	8.740521026343056E-5	3.0106239090737195E-4
60-61	0.005681338667122986	4.8558450146350315E-5	4.8558450146350315E-5	8.740521026343056E-5	3.253416159805471E-4
62-63	0.005861004932664483	4.8558450146350315E-5	4.8558450146350315E-5	8.740521026343056E-5	3.3019746099518214E-4
64-65	0.006181490703630395	4.8558450146350315E-5	5.341429516098535E-5	8.740521026343056E-5	3.3990915102445217E-4
66-67	0.0065068323196109425	4.8558450146350315E-5	5.8270140175620375E-5	8.740521026343056E-5	3.4962084105372225E-4
68-69	0.006924434990869555	4.8558450146350315E-5	5.8270140175620375E-5	9.711690029270063E-5	3.4962084105372225E-4
70-71	0.007385740267259883	5.8270140175620375E-5	5.8270140175620375E-5	9.711690029270063E-5	3.4962084105372225E-4
72-73	0.008196666384703934	5.8270140175620375E-5	5.8270140175620375E-5	1.1168443533660571E-4	3.544766860683573E-4
74-75	0.009328078273113896	5.8270140175620375E-5	5.8270140175620375E-5	1.1654028035124075E-4	3.5933253108299233E-4
76-77	0.01074112917237269	6.312598519025542E-5	5.8270140175620375E-5	1.1654028035124075E-4	3.641883760976273E-4
78-79	0.013164195834675568	6.798183020489044E-5	5.8270140175620375E-5	1.1654028035124075E-4	3.7875591114153244E-4
80-81	0.016621557485095712	6.798183020489044E-5	5.8270140175620375E-5	1.1654028035124075E-4	3.9332344618543756E-4
82-83	0.022346598757350414	6.798183020489044E-5	5.8270140175620375E-5	1.262519703805108E-4	4.078909812293426E-4
84-85	0.031130822388825186	6.798183020489044E-5	5.8270140175620375E-5	1.3596366040978088E-4	4.467377413464229E-4
86-87	0.043299569995500574	6.798183020489044E-5	5.8270140175620375E-5	1.3596366040978088E-4	4.564494313756929E-4
88-89	0.04639274326982309	6.798183020489044E-5	5.8270140175620375E-5	1.3596366040978088E-4	4.564494313756929E-4
>>END_MODULE
