##FastQC	0.11.9
>>Basic Statistics	pass
#Measure	Value
Filename	SRR16676624_2.fastq
File type	Conventional base calls
Encoding	Sanger / Illumina 1.9
Total Sequences	12451145
Sequences flagged as poor quality	0
Sequence length	100
%GC	54
>>END_MODULE
>>Per base sequence quality	fail
#Base	Mean	Median	Lower Quartile	Upper Quartile	10th Percentile	90th Percentile
1	30.301233019131974	33.0	33.0	33.0	27.0	33.0
2	33.83060457492062	37.0	37.0	37.0	27.0	37.0
3	33.79060094473239	37.0	37.0	37.0	27.0	37.0
4	33.80149801484121	37.0	37.0	37.0	27.0	37.0
5	33.65705973225756	37.0	37.0	37.0	27.0	37.0
6	33.63904660976962	37.0	37.0	37.0	27.0	37.0
7	33.5841698895965	37.0	37.0	37.0	27.0	37.0
8	33.596809289426794	37.0	37.0	37.0	27.0	37.0
9	33.641448718170096	37.0	37.0	37.0	27.0	37.0
10-11	33.545181627874385	37.0	37.0	37.0	27.0	37.0
12-13	34.70812744530724	37.0	37.0	40.0	27.0	40.0
14-15	34.60262064251923	37.0	37.0	40.0	27.0	40.0
16-17	34.46163380958137	37.0	37.0	40.0	27.0	40.0
18-19	34.350536998806135	37.0	37.0	40.0	27.0	40.0
20-21	34.228138817755315	37.0	37.0	40.0	24.5	40.0
22-23	34.057639759234995	37.0	33.0	40.0	22.0	40.0
24-25	33.873164676822896	37.0	33.0	40.0	22.0	40.0
26-27	33.70814154039648	37.0	33.0	40.0	22.0	40.0
28-29	33.497646521665274	37.0	33.0	40.0	15.0	40.0
30-31	33.37129673616362	37.0	33.0	40.0	15.0	40.0
32-33	33.16720385956472	37.0	33.0	40.0	15.0	40.0
34-35	32.9035866580945	37.0	33.0	40.0	15.0	40.0
36-37	32.626415361800056	37.0	33.0	40.0	15.0	40.0
38-39	32.368911333054115	37.0	33.0	40.0	6.0	40.0
40-41	32.02586460923875	37.0	33.0	38.5	4.0	40.0
42-43	29.205290477301485	35.0	27.5	37.0	2.0	38.5
44-45	27.829257791150937	33.0	22.0	37.0	2.0	38.5
46-47	28.073726030818854	33.0	22.0	37.0	2.0	40.0
48-49	27.016447884913397	33.0	22.0	37.0	2.0	38.5
50-51	27.025932755581916	33.0	22.0	37.0	2.0	37.0
52-53	27.336229599767734	33.0	22.0	37.0	2.0	40.0
54-55	27.154519564264973	33.0	22.0	37.0	2.0	40.0
56-57	26.875378168031936	33.0	22.0	37.0	2.0	40.0
58-59	26.481666545526537	33.0	18.5	37.0	2.0	37.0
60-61	26.061180598250203	33.0	15.0	37.0	2.0	37.0
62-63	25.776572315236873	33.0	15.0	37.0	2.0	37.0
64-65	25.406914424336076	33.0	15.0	37.0	2.0	37.0
66-67	25.038278447484146	33.0	15.0	37.0	2.0	37.0
68-69	24.662223393912768	33.0	10.5	37.0	2.0	37.0
70-71	24.259796428360602	33.0	6.0	35.0	2.0	37.0
72-73	23.871397008066324	33.0	6.0	33.0	2.0	37.0
74-75	23.47108257915236	33.0	2.0	33.0	2.0	37.0
76-77	23.09975656857261	33.0	2.0	33.0	2.0	37.0
78-79	22.776200983925577	27.0	2.0	33.0	2.0	37.0
80-81	22.3620375073939	27.0	2.0	33.0	2.0	37.0
82-83	21.966765064578397	27.0	2.0	33.0	2.0	37.0
84-85	21.634500843095154	27.0	2.0	33.0	2.0	37.0
86-87	21.28921665437195	27.0	2.0	33.0	2.0	37.0
88-89	20.821921879473734	27.0	2.0	33.0	2.0	37.0
90-91	20.354467922428018	27.0	2.0	33.0	2.0	37.0
92-93	19.67910722266908	27.0	2.0	33.0	2.0	37.0
94-95	18.417110514735793	24.5	2.0	33.0	2.0	37.0
96-97	13.587633948524413	2.0	2.0	33.0	2.0	35.0
98-99	3.8193118785461095	2.0	2.0	2.0	2.0	17.5
100	2.0	2.0	2.0	2.0	2.0	2.0
>>END_MODULE
>>Per sequence quality scores	pass
#Quality	Count
2	736928.0
3	33535.0
4	29260.0
5	32566.0
6	34982.0
7	34607.0
8	40478.0
9	50186.0
10	58377.0
11	66809.0
12	79333.0
13	100331.0
14	135320.0
15	206087.0
16	339577.0
17	277727.0
18	181379.0
19	164934.0
20	164722.0
21	170930.0
22	182957.0
23	201362.0
24	226777.0
25	263618.0
26	310557.0
27	368421.0
28	442003.0
29	535578.0
30	655129.0
31	806772.0
32	990795.0
33	1191599.0
34	1324758.0
35	1217249.0
36	680775.0
37	114090.0
38	637.0
>>END_MODULE
>>Per base sequence content	warn
#Base	G	A	T	C
1	29.346892016073344	21.28655680959395	22.913055774227146	26.45349540010556
2	29.659967686354726	26.730315534801434	18.044189829692648	25.565526949151195
3	31.85845101726461	28.14865255811865	19.6534046508093	20.339491773807442
4	27.039858812073607	31.565764240932175	18.681691309150334	22.712685637843876
5	24.084760670118687	15.806944880714752	35.70666433001584	24.40163011915072
6	24.265824622905065	22.498951086244162	23.835617384532746	29.399606906318027
7	27.805143437606617	19.614809196403733	25.070579950667927	27.509467415321726
8	26.280498231381884	34.77857154962046	19.065575609880295	19.875354609117366
9	31.342449619919133	23.05634378486444	17.35312691778259	28.248079677433836
10-11	28.214344716829608	20.743284274233545	24.603219796069997	26.439151212866847
12-13	28.15596886800401	22.114657541056772	23.68723984755419	26.042133743385026
14-15	29.656781295114897	22.344991484881152	22.62800418119704	25.37022303880691
16-17	29.303397923427642	22.33029210075192	23.061020936624445	25.305289039195987
18-19	29.033330242250283	22.656937291991966	22.89053160296405	25.419200862793705
20-21	30.249282008353006	22.497462562631593	22.265113673458593	24.988141755556807
22-23	29.061746013516306	24.104397172146093	22.115382259234188	24.718474555103413
24-25	28.095023263821023	25.0745141966786	22.1535287672637	24.676933772236673
26-27	28.716729323738576	23.742065587329375	22.23110288562032	25.310102203311736
28-29	29.6092873117882	22.747605124882323	22.51280820911137	25.130299354218106
30-31	28.72794254816318	23.780876416420995	22.628405871371132	24.862775164044688
32-33	28.850055058115743	23.9354952377009	22.17478010990579	25.03966959427757
34-35	27.013912415731067	24.01882827410513	23.170090916553296	25.79716839361051
36-37	26.06408949793152	22.894360380879927	24.31109022473355	26.730459896455006
38-39	29.48540461093018	22.417457442664556	22.313392258359872	25.783745688045396
40-41	29.994167881791693	22.424161178189085	22.458124973594423	25.1235459664248
42-43	30.788239182038375	22.429345219623663	21.86801623349145	24.914399364846513
44-45	29.636630570878363	21.983650392453413	21.930117765351692	26.44960127131653
46-47	29.74713030526045	22.140959368622333	21.72768730657834	26.384223019538876
48-49	28.875212364570906	21.848245587475265	21.66393057100461	27.612611476949223
50-51	28.31175434506081	22.933388074974758	22.446315901072662	26.308541678891768
52-53	27.072759547983633	22.15323483979849	23.443290445165086	27.330715167052787
54-55	26.7095615572896	23.181499644540484	23.97034100339868	26.138597794771236
56-57	26.42659623428547	23.43982249932913	24.310531401020597	25.823049865364805
58-59	26.368472982692925	26.111377450257546	21.785539158079242	25.734610408970287
60-61	26.48119875937519	26.45201913767941	21.457527736835864	25.609254366109536
62-63	26.594742594095944	26.424432114618764	21.259608563181448	25.72121672810384
64-65	26.489616672425864	26.31432040579228	21.309988626134384	25.886074295647475
66-67	26.790208156268086	25.854949383627755	21.49257026437485	25.862272195729307
68-69	27.087485997623688	24.95698676954866	21.595184370342313	26.360342862485343
70-71	27.578010432706566	24.561139784810276	21.60729351201689	26.253556270466262
72-73	27.971492393055193	23.984367970675606	21.647143411448102	26.396996224821102
74-75	28.290865378318784	23.223108940021522	21.818558423468723	26.667467258190968
76-77	28.054783809325784	23.244357328220865	21.9564060298813	26.74445283257205
78-79	28.439574113512784	22.946246899798318	21.74188593029893	26.872293056389974
80-81	28.619314723180572	22.496978559091392	21.876735041993957	27.006971675734075
82-83	28.47821517366856	22.66652274517592	21.761606299216403	27.09365578193912
84-85	28.725829627117506	22.733253903199824	21.706459487610374	26.834456982072304
86-87	28.79005442161247	22.540169508223077	21.678292177152596	26.991483893011857
88-89	28.778386484555753	22.46843430732236	21.805732206203064	26.947447001918825
90-91	28.8689233698535	22.3098809498823	21.909182514360626	26.912013165903577
92-93	29.205540310778538	22.12768884461371	21.541216465777588	27.125554378830163
94-95	28.90072013914941	22.19590851206764	21.816658173230312	27.08671317555264
96-97	29.07669426585689	22.18699915216874	21.675019353721538	27.06128722825283
98-99	36.05855685889026	18.42657164492364	19.7646289753106	25.7502425208755
100	NaN	NaN	NaN	NaN
>>END_MODULE
>>Per sequence GC content	pass
#GC Content	Count
0	346.0
1	277.0
2	191.0
3	180.5
4	187.0
5	200.0
6	218.5
7	252.5
8	282.0
9	312.5
10	371.5
11	442.0
12	529.5
13	648.5
14	804.0
15	991.0
16	1219.5
17	1571.5
18	2064.0
19	2720.5
20	3647.0
21	5040.0
22	6906.5
23	9371.0
24	12974.0
25	18112.0
26	24360.5
27	31955.5
28	41071.0
29	51375.0
30	63442.5
31	76318.0
32	90006.5
33	102505.0
34	113609.0
35	126060.0
36	138348.5
37	152087.0
38	164751.0
39	176847.0
40	193902.5
41	210956.5
42	227362.5
43	242671.0
44	263083.0
45	295761.0
46	324229.0
47	353424.0
48	381135.5
49	399264.0
50	421664.0
51	446183.5
52	460848.0
53	465911.0
54	465460.0
55	457169.5
56	451923.5
57	442043.0
58	421135.0
59	399971.0
60	381918.5
61	354210.0
62	324688.0
63	299857.5
64	269768.5
65	238429.5
66	214917.0
67	192133.5
68	173245.5
69	163003.0
70	146251.5
71	126111.0
72	109388.0
73	102226.5
74	93208.5
75	79319.5
76	67987.0
77	60225.0
78	54876.0
79	47994.0
80	40533.5
81	33671.5
82	28280.5
83	24447.0
84	19618.5
85	14918.0
86	12033.0
87	10056.5
88	7250.5
89	4385.0
90	2979.5
91	2129.0
92	1524.5
93	1038.5
94	675.5
95	453.5
96	328.0
97	248.5
98	201.0
99	94.5
100	0.0
>>END_MODULE
>>Per base N content	fail
#Base	N-Count
1	0.007774385407928347
2	0.020351541966622345
3	0.03125816942939786
4	0.0017829685542976167
5	0.0022166636080456856
6	0.0013573048904337714
7	1.365336280317995E-4
8	0.0037265649062797035
9	0.0019435963519820868
10-11	8.673901074961379E-4
12-13	2.57004476295152E-4
14-15	0.005168199390497822
16-17	0.019351633926036522
18-19	0.010886548988064954
20-21	0.02453188040136068
22-23	0.033567194021112114
24-25	0.022857335610500077
26-27	0.012043069131393136
28-29	0.02703767404523841
30-31	0.011344338211465693
32-33	0.008983109585503983
34-35	0.006641959434252834
36-37	0.005718349597567131
38-39	0.0023692600158459324
40-41	0.009019250839982989
42-43	0.35896297087536927
44-45	0.0438835143273972
46-47	0.10805833519728505
48-49	0.1321605362398398
50-51	0.15592541890725714
52-53	0.15389347726654856
54-55	0.1723496112204942
56-57	0.17223717176211506
58-59	0.22128888548001005
60-61	0.19809021579943048
62-63	0.21741775555581436
64-65	0.25607685076352416
66-67	0.2493987500747923
68-69	0.266348998425446
70-71	0.2772475944983373
72-73	0.2942219370186437
74-75	0.3505902469210663
76-77	0.30597989180914686
78-79	0.29257148639743574
80-81	0.3333267743649279
82-83	0.3341178662685239
84-85	0.3231670661613852
86-87	0.33741876751093974
88-89	0.3120676853413883
90-91	0.318777911589657
92-93	0.34445024935457746
94-95	0.36532383166367427
96-97	0.3738933246701408
98-99	50.19311075407121
100	100.0
>>END_MODULE
>>Sequence Length Distribution	pass
#Length	Count
100	1.2451145E7
>>END_MODULE
>>Sequence Duplication Levels	warn
#Total Deduplicated Percentage	59.26294321586823
#Duplication Level	Percentage of deduplicated	Percentage of total
1	84.97584832580588	50.359188740524665
2	8.61569381082356	10.21182746152288
3	2.587133507990564	4.599634385277443
4	1.1136641675742203	2.6399606529799273
5	0.6497743549709831	1.9253770350886397
6	0.41291688450442826	1.4682401927555495
7	0.2833063598466505	1.1752698101400467
8	0.1958841062421873	0.9286934932097477
9	0.16155236116377772	0.8616661565434556
>10	0.8706377563051931	9.44370491684211
>50	0.0657821401748103	2.700638204043647
>100	0.05657900290418643	7.0660032035295295
>500	0.007480558118495983	3.0431070165125607
>1k	0.0037329896203779547	3.5306522477065636
>5k	1.3673954653399102E-5	0.0460364833235121
>10k+	0.0	0.0
>>END_MODULE
>>Overrepresented sequences	pass
>>END_MODULE
>>Adapter Content	pass
#Position	Illumina Universal Adapter	Illumina Small RNA 3' Adapter	Illumina Small RNA 5' Adapter	Nextera Transposase Sequence	SOLID Small RNA Adapter
1	0.0	0.0	1.6062779768447E-5	0.0	0.0
2	3.2125559536894E-5	0.0	1.6062779768447E-5	0.0	0.0
3	4.0156949421117496E-5	0.0	1.6062779768447E-5	8.0313898842235E-6	1.6062779768447E-5
4	5.6219729189564495E-5	0.0	1.6062779768447E-5	8.0313898842235E-6	1.6062779768447E-5
5	5.6219729189564495E-5	0.0	2.4094169652670496E-5	8.0313898842235E-6	2.4094169652670496E-5
6	6.4251119073788E-5	0.0	2.4094169652670496E-5	8.0313898842235E-6	3.2125559536894E-5
7	7.228250895801149E-5	0.0	2.4094169652670496E-5	8.0313898842235E-6	4.818833930534099E-5
8	2.1684752687403447E-4	0.0	2.4094169652670496E-5	8.0313898842235E-6	7.228250895801149E-5
9	2.489730864109285E-4	0.0	2.4094169652670496E-5	8.0313898842235E-6	7.228250895801149E-5
10-11	4.4975783351651596E-4	0.0	2.4094169652670496E-5	8.0313898842235E-6	8.031389884223499E-5
12-13	7.188093946380032E-4	0.0	2.4094169652670496E-5	8.0313898842235E-6	8.83452887264585E-5
14-15	8.071546833644616E-4	0.0	4.417264436322925E-5	1.204708482633525E-5	9.637667861068198E-5
16-17	8.794371923224731E-4	0.0	4.818833930534099E-5	1.6062779768447E-5	9.637667861068198E-5
18-19	9.356569215120377E-4	0.0	4.818833930534099E-5	1.6062779768447E-5	9.637667861068198E-5
20-21	0.0011003004141386195	0.0	5.6219729189564495E-5	1.6062779768447E-5	9.637667861068198E-5
22-23	0.0012127398725177484	0.0	6.4251119073788E-5	2.4094169652670496E-5	1.0440806849490549E-4
24-25	0.0013091165511284304	0.0	6.4251119073788E-5	2.4094169652670496E-5	1.0842376343701723E-4
26-27	0.001457697263986565	8.0313898842235E-6	6.4251119073788E-5	2.8109864594782248E-5	1.1243945837912899E-4
28-29	0.001634387841439482	8.0313898842235E-6	7.228250895801149E-5	4.0156949421117496E-5	1.1243945837912899E-4
30-31	0.0017990313340660639	8.0313898842235E-6	8.031389884223499E-5	4.0156949421117496E-5	1.1645515332124074E-4
32-33	0.0019114707924451928	8.0313898842235E-6	8.031389884223499E-5	4.0156949421117496E-5	1.2047084826335248E-4
34-35	0.002056035810361216	1.6062779768447E-5	8.031389884223499E-5	4.417264436322925E-5	1.2047084826335248E-4
36-37	0.0021684752687403447	1.6062779768447E-5	8.031389884223499E-5	5.2204034247452744E-5	1.2047084826335248E-4
38-39	0.0023090245917142564	1.6062779768447E-5	8.031389884223499E-5	6.023542413167625E-5	1.2047084826335248E-4
40-41	0.002417448355151273	1.6062779768447E-5	8.031389884223499E-5	6.4251119073788E-5	1.2047084826335248E-4
42-43	0.002586107542719967	1.6062779768447E-5	9.236098366857024E-5	6.4251119073788E-5	1.2047084826335248E-4
44-45	0.002690515611214872	1.6062779768447E-5	9.637667861068198E-5	6.4251119073788E-5	1.2047084826335248E-4
46-47	0.002806970764536113	1.6062779768447E-5	9.637667861068198E-5	6.826681401589974E-5	1.2047084826335248E-4
48-49	0.0029113788330310184	1.6062779768447E-5	9.637667861068198E-5	7.228250895801149E-5	1.2047084826335248E-4
50-51	0.0030157869015259237	1.6062779768447E-5	9.637667861068198E-5	8.432959378434674E-5	1.2448654320546424E-4
52-53	0.003116179275078718	1.6062779768447E-5	9.637667861068198E-5	8.83452887264585E-5	1.28502238147576E-4
54-55	0.0032968855474737463	1.6062779768447E-5	1.0440806849490549E-4	9.236098366857024E-5	1.365336280317995E-4
56-57	0.0034735761249266636	1.6062779768447E-5	1.0440806849490549E-4	1.1243945837912899E-4	1.525964078002465E-4
58-59	0.003654282397321692	2.0078474710558748E-5	1.0440806849490549E-4	1.1243945837912899E-4	1.6464349262658174E-4
60-61	0.003778768940527156	2.4094169652670496E-5	1.365336280317995E-4	1.2047084826335248E-4	1.8472196733714048E-4
62-63	0.003991600772459079	2.4094169652670496E-5	1.525964078002465E-4	1.2047084826335248E-4	1.8873766227925224E-4
64-65	0.004188369824622555	2.4094169652670496E-5	1.7267488251080523E-4	1.2448654320546424E-4	1.9275335722136397E-4
66-67	0.004469468470570377	2.4094169652670496E-5	1.8070627239502872E-4	1.28502238147576E-4	2.0078474710558749E-4
68-69	0.004871037964781552	2.4094169652670496E-5	2.0078474710558749E-4	1.28502238147576E-4	2.0881613698981098E-4
70-71	0.005425203866792974	2.4094169652670496E-5	2.4094169652670496E-4	1.28502238147576E-4	2.1684752687403447E-4
72-73	0.006164091736141535	2.4094169652670496E-5	2.770829510057107E-4	1.28502238147576E-4	2.2487891675825798E-4
74-75	0.00720817242109059	2.4094169652670496E-5	2.9716142571626947E-4	1.365336280317995E-4	2.4094169652670496E-4
76-77	0.00856146161658225	2.4094169652670496E-5	3.05192815600493E-4	1.365336280317995E-4	2.57004476295152E-4
78-79	0.010577340477522349	2.4094169652670496E-5	3.1723990042682824E-4	1.4456501791602298E-4	2.770829510057107E-4
80-81	0.014062963687275347	2.4094169652670496E-5	3.3731837513738695E-4	1.4456501791602298E-4	2.810986459478225E-4
82-83	0.01894203304194112	2.4094169652670496E-5	3.53381154905834E-4	1.4456501791602298E-4	2.851143408899342E-4
84-85	0.026085954343957926	2.4094169652670496E-5	3.6141254479005744E-4	1.4456501791602298E-4	3.05192815600493E-4
86-87	0.03718935085889691	2.4094169652670496E-5	3.6141254479005744E-4	1.4456501791602298E-4	3.1322420548471645E-4
88-89	0.04033363999857041	2.4094169652670496E-5	3.6141254479005744E-4	1.4456501791602298E-4	3.1322420548471645E-4
>>END_MODULE
