##FastQC	0.11.9
>>Basic Statistics	pass
#Measure	Value
Filename	SRR16676640_2.fastq
File type	Conventional base calls
Encoding	Sanger / Illumina 1.9
Total Sequences	10114640
Sequences flagged as poor quality	0
Sequence length	100
%GC	54
>>END_MODULE
>>Per base sequence quality	fail
#Base	Mean	Median	Lower Quartile	Upper Quartile	10th Percentile	90th Percentile
1	28.29985288650906	33.0	27.0	33.0	15.0	33.0
2	31.83457433976889	37.0	33.0	37.0	15.0	37.0
3	31.805746423006653	37.0	33.0	37.0	15.0	37.0
4	31.65621880758979	37.0	33.0	37.0	15.0	37.0
5	31.738773203989464	37.0	33.0	37.0	15.0	37.0
6	31.731081383025	37.0	33.0	37.0	15.0	37.0
7	31.6209850276431	37.0	33.0	37.0	15.0	37.0
8	31.65702209866095	37.0	33.0	37.0	15.0	37.0
9	31.452723280314476	37.0	33.0	37.0	15.0	37.0
10-11	31.33329050762064	37.0	33.0	37.0	15.0	37.0
12-13	32.11448865209241	37.0	33.0	37.0	15.0	40.0
14-15	31.969447306083065	37.0	33.0	37.0	15.0	40.0
16-17	31.544748354859884	37.0	33.0	37.0	15.0	40.0
18-19	31.608018673922153	37.0	33.0	37.0	15.0	40.0
20-21	31.30658990334802	37.0	33.0	37.0	15.0	40.0
22-23	31.219408797544943	37.0	33.0	37.0	6.0	40.0
24-25	30.997604561309153	37.0	33.0	37.0	6.0	40.0
26-27	30.833252641715376	37.0	30.0	37.0	6.0	40.0
28-29	30.390261294519625	37.0	27.0	37.0	6.0	40.0
30-31	30.139560874138873	37.0	27.0	37.0	4.0	40.0
32-33	29.907878135059676	35.0	27.0	37.0	2.0	40.0
34-35	29.740018824199378	33.0	27.0	37.0	2.0	40.0
36-37	29.55484797283937	33.0	27.0	37.0	2.0	40.0
38-39	29.206424499537306	33.0	27.0	37.0	2.0	40.0
40-41	28.623843755190496	33.0	27.0	37.0	2.0	40.0
42-43	25.062355803073565	30.0	14.0	35.0	2.0	38.5
44-45	23.89985184840983	30.0	10.5	37.0	2.0	37.0
46-47	24.37553234717202	33.0	6.0	37.0	2.0	37.0
48-49	23.563636570357424	30.0	6.0	35.0	2.0	37.0
50-51	23.50923240965571	30.0	6.0	37.0	2.0	37.0
52-53	23.661365456407744	33.0	4.0	37.0	2.0	37.0
54-55	23.425674220733512	30.0	2.0	37.0	2.0	37.0
56-57	23.04801915836846	27.0	2.0	37.0	2.0	37.0
58-59	22.66102056029676	27.0	2.0	35.0	2.0	37.0
60-61	22.20049596426566	27.0	2.0	33.0	2.0	37.0
62-63	21.85978487617948	27.0	2.0	33.0	2.0	37.0
64-65	21.35893813324053	27.0	2.0	33.0	2.0	37.0
66-67	20.844424418466698	27.0	2.0	33.0	2.0	37.0
68-69	20.40179274793764	27.0	2.0	33.0	2.0	37.0
70-71	19.92049895003678	27.0	2.0	33.0	2.0	37.0
72-73	19.500777832923365	27.0	2.0	33.0	2.0	37.0
74-75	19.023182387114126	22.0	2.0	33.0	2.0	37.0
76-77	18.546484501672822	22.0	2.0	33.0	2.0	37.0
78-79	18.172390515134495	22.0	2.0	33.0	2.0	37.0
80-81	17.75735216478293	22.0	2.0	33.0	2.0	33.0
82-83	17.287315218336985	18.5	2.0	33.0	2.0	33.0
84-85	16.818276676184226	15.0	2.0	33.0	2.0	33.0
86-87	16.358359121036436	15.0	2.0	33.0	2.0	33.0
88-89	15.839325670513237	10.5	2.0	33.0	2.0	33.0
90-91	15.23721412724526	2.0	2.0	33.0	2.0	33.0
92-93	14.470614030751465	2.0	2.0	33.0	2.0	33.0
94-95	13.242376347551668	2.0	2.0	33.0	2.0	33.0
96-97	9.775582868001234	2.0	2.0	17.5	2.0	33.0
98-99	2.9383051695364344	2.0	2.0	2.0	2.0	2.0
100	2.0	2.0	2.0	2.0	2.0	2.0
>>END_MODULE
>>Per sequence quality scores	pass
#Quality	Count
2	598389.0
3	58190.0
4	54329.0
5	57060.0
6	62423.0
7	69047.0
8	82423.0
9	101633.0
10	119128.0
11	135627.0
12	161676.0
13	200420.0
14	252166.0
15	319851.0
16	335318.0
17	244144.0
18	213474.0
19	211002.0
20	214256.0
21	222822.0
22	238018.0
23	260205.0
24	288760.0
25	327087.0
26	371471.0
27	422004.0
28	476206.0
29	532483.0
30	586014.0
31	622026.0
32	640825.0
33	613274.0
34	519384.0
35	344873.0
36	139535.0
37	18951.0
38	146.0
>>END_MODULE
>>Per base sequence content	fail
#Base	G	A	T	C
1	28.00030457987261	21.692653197248102	23.624510373021344	26.682531849857945
2	28.076804495857488	27.45450536794076	19.489167530256644	24.979522605945107
3	29.780905663773794	28.858803509426107	20.609674016627295	20.750616810172808
4	24.711680240063956	32.01278187118511	19.55381893054403	23.721718958206907
5	21.888225775801775	15.384765211366226	37.414642673314454	25.31236633951755
6	23.654253640503136	21.092761941823134	24.453074268557646	30.799910149116084
7	25.902122399005318	19.63129110892461	25.88173601070612	28.584850481363954
8	25.677923831848926	34.44432525474327	19.445790958510944	20.431959954896858
9	28.840875799251446	23.95039420774052	17.966340084852742	29.242389908155292
10-11	26.28589235926817	21.201712316764265	25.60452091014371	26.90787441382386
12-13	26.98583283977884	22.601096528877918	24.339532140494388	26.07353849084885
14-15	27.745024948851356	22.778998068445723	23.405501278944705	26.070475703758213
16-17	27.61611900654704	22.66273707958561	23.72732682852886	25.99381708533849
18-19	27.618794462013557	22.625923808070876	23.782759880273062	25.972521849642504
20-21	28.43138350408381	22.986954310122844	23.148796769815753	25.432865415977595
22-23	27.99995727491707	24.07663752410518	22.793470756782373	25.129934444195378
24-25	27.40958307710329	24.682408656223572	22.831816654180887	25.076191612492256
26-27	27.487268253944396	23.881683647601246	22.75719768307335	25.873850415381
28-29	28.104591968802712	23.35575855171496	22.971785384246854	25.56786409523547
30-31	27.898909414843054	23.850911012581697	23.011282546138904	25.238897026436348
32-33	27.96027989852702	23.932011225009635	22.529468369286302	25.578240507177043
34-35	27.367864976161236	24.10096879152466	22.780573903024745	25.750592329289358
36-37	26.42367140967139	23.297630900310683	23.662990428908248	26.615707261109677
38-39	28.339583090695502	22.818325841468003	22.721282242984	26.120808824852492
40-41	28.847629546608378	22.92635637067569	22.838119372209036	25.3878947105069
42-43	28.8846218389766	22.827506700123426	22.792603500646926	25.49526796025305
44-45	29.897680945762662	22.10686052494588	21.765656927426303	26.22980160186516
46-47	29.85138389324607	22.179199582993075	21.958451291851713	26.010965231909143
48-49	28.96882914830724	21.794792804426482	21.728073096532313	27.508304950733965
50-51	29.018008195331557	22.432134808377505	21.909697891515194	26.64015910477574
52-53	28.084069578353617	22.09138518946417	22.749878306642312	27.0746669255399
54-55	27.701988389698123	22.682412627423652	22.98943341532766	26.626165567550565
56-57	27.348294182060844	22.846925884195667	23.464506432584102	26.340273501159388
58-59	27.176491542598257	24.687320668223446	21.81230631672826	26.323881472450033
60-61	27.342061787743795	25.117445319981456	21.434284025866766	26.106208866407982
62-63	27.588451256372252	25.128871487599724	21.158128436868115	26.12454881915991
64-65	27.56161577097392	25.015183815199926	21.11719784876588	26.306002565060275
66-67	27.874493640329607	24.68784704096323	21.381096836943144	26.05656248176402
68-69	28.1543587604204	23.729345405550838	21.525934356611355	26.590361477417403
70-71	28.79981173439687	23.50388050088559	21.43101180375788	26.265295960959662
72-73	29.196112734948098	23.04633415187271	21.373654594552942	26.383898518626253
74-75	29.303869014337003	22.256107191907944	21.717043256481354	26.7229805372737
76-77	29.022341244038618	22.346974482028145	21.739919265190593	26.890765008742644
78-79	29.62406420488975	22.041148765785834	21.421833631556613	26.9129533977678
80-81	29.67358987177177	21.712601488107133	21.627346073416444	26.98646256670465
82-83	29.741280573944383	21.939229032948372	21.334220585181633	26.98526980792561
84-85	30.038958191029447	22.021157514951607	21.19104070185727	26.748843592161677
86-87	30.14372730670078	21.84379280114466	21.223581391287627	26.788898500866935
88-89	30.21958033831837	21.64386462823212	21.321029645293986	26.815525388155525
90-91	30.100260470305972	21.502425323922235	21.61556034329553	26.78175386247626
92-93	30.46425902960585	21.348861638888355	21.087845130271	27.099034201234794
94-95	30.316461843046522	21.405704334762294	21.367302696080742	26.910531126110442
96-97	30.693260185809407	21.25816426749542	21.14233291235241	26.906242634342764
98-99	34.944483530372786	18.900795477620296	21.04254975490804	25.112171237098874
100	NaN	NaN	NaN	NaN
>>END_MODULE
>>Per sequence GC content	pass
#GC Content	Count
0	1192.0
1	814.5
2	379.5
3	289.5
4	271.0
5	289.5
6	313.0
7	345.0
8	386.0
9	461.5
10	532.0
11	618.5
12	743.5
13	919.5
14	1160.0
15	1472.0
16	1897.5
17	2477.0
18	3249.5
19	4223.5
20	5420.5
21	7135.5
22	9468.5
23	12361.0
24	16318.5
25	21484.0
26	27764.0
27	35512.0
28	44650.5
29	55017.0
30	66518.5
31	78328.0
32	90253.5
33	100224.0
34	108754.5
35	117810.5
36	127238.0
37	137773.5
38	147615.0
39	155983.0
40	165870.5
41	177041.0
42	188545.5
43	199433.0
44	213623.5
45	236093.5
46	255378.0
47	278261.0
48	299096.0
49	308137.0
50	318939.0
51	331574.5
52	337033.0
53	333573.0
54	328138.5
55	318065.5
56	310151.0
57	300510.5
58	285772.5
59	274248.5
60	265715.0
61	253765.5
62	239545.5
63	225276.0
64	206419.5
65	188469.0
66	176790.5
67	162024.0
68	150249.0
69	148363.0
70	142634.5
71	129959.5
72	116749.0
73	109581.5
74	102438.0
75	91488.0
76	79073.5
77	69035.5
78	61995.5
79	55476.0
80	49590.5
81	43513.0
82	38418.5
83	34859.5
84	29731.5
85	23260.0
86	18308.5
87	15452.5
88	12237.5
89	8379.0
90	5939.0
91	4401.5
92	3179.5
93	2171.5
94	1352.0
95	830.0
96	617.0
97	439.0
98	259.0
99	99.5
100	0.0
>>END_MODULE
>>Per base N content	fail
#Base	N-Count
1	0.02323364944278788
2	0.04657605213828668
3	0.041079069546716446
4	1.9773318674713088E-5
5	0.0038953437789184787
6	0.0010282125710850806
7	4.745596481931142E-4
8	4.448996701810445E-4
9	0.0017400520433747519
10-11	3.905230438255835E-4
12-13	8.551960326813412E-4
14-15	0.0024370615266583883
16-17	0.014320826050160954
18-19	0.004533033306177976
20-21	0.020050145136159072
22-23	0.03444017780168152
24-25	0.024424991892939344
26-27	0.005457435954220813
28-29	0.027044956617338824
30-31	0.0034108974713880076
32-33	0.0061050121408176665
34-35	0.005383286009190638
36-37	0.008932596711301638
38-39	0.0011270791644586462
40-41	0.020781757927123456
42-43	0.434320944690073
44-45	0.01598178481883685
46-47	0.08238553225819209
48-49	0.11051802140264012
50-51	0.14214544462284373
52-53	0.1429462640291696
54-55	0.14989164221366258
56-57	0.14335656039166988
58-59	0.19647758101128662
60-61	0.17085630333852714
62-63	0.19380323966053167
64-65	0.22224715857410643
66-67	0.21029913076491105
68-69	0.2163151629716925
70-71	0.2225981349805826
72-73	0.2423467370069523
74-75	0.3179796809377299
76-77	0.278413270269629
78-79	0.26259955865952717
80-81	0.30473650075534076
82-83	0.2997437377899757
84-85	0.29516127118711094
86-87	0.3023192125473571
88-89	0.286634027508641
90-91	0.2813891547301733
92-93	0.30256637903079103
94-95	0.3395177683041611
96-97	0.35784269138595143
98-99	50.970484367214254
100	100.0
>>END_MODULE
>>Sequence Length Distribution	pass
#Length	Count
100	1.011464E7
>>END_MODULE
>>Sequence Duplication Levels	warn
#Total Deduplicated Percentage	60.86788819743562
#Duplication Level	Percentage of deduplicated	Percentage of total
1	88.14410897174413	53.65145770154703
2	6.634881886339755	8.077024977218379
3	2.0109111858592414	3.6719975170755896
4	0.9725783738864553	2.36795166899858
5	0.5498395140549531	1.6733785034014608
6	0.3453435229355543	1.261219856624992
7	0.21404607594610203	0.9119972833851008
8	0.15818920538404166	0.7702914293885623
9	0.12630576279546052	0.6919168543673322
>10	0.7095492587874014	7.996205496543418
>50	0.06129400637376734	2.62197440298851
>100	0.05973425687401228	7.697356447438267
>500	0.008622680211922246	3.640556212594638
>1k	0.004514109782404054	4.641006732652787
>5k	8.118902486338227E-5	0.3256649157752251
>10k+	0.0	0.0
>>END_MODULE
>>Overrepresented sequences	pass
>>END_MODULE
>>Adapter Content	pass
#Position	Illumina Universal Adapter	Illumina Small RNA 3' Adapter	Illumina Small RNA 5' Adapter	Nextera Transposase Sequence	SOLID Small RNA Adapter
1	5.931995602413927E-5	0.0	0.0	0.0	0.0
2	6.920661536149581E-5	0.0	0.0	0.0	0.0
3	6.920661536149581E-5	0.0	0.0	0.0	9.886659337356544E-6
4	6.920661536149581E-5	0.0	9.886659337356544E-6	0.0	9.886659337356544E-6
5	7.909327469885235E-5	0.0	1.9773318674713088E-5	0.0	1.9773318674713088E-5
6	1.2852657138563508E-4	0.0	1.9773318674713088E-5	0.0	2.9659978012069634E-5
7	1.4829989006034816E-4	0.0	1.9773318674713088E-5	0.0	2.9659978012069634E-5
8	3.163730987954094E-4	0.0	1.9773318674713088E-5	0.0	3.9546637349426176E-5
9	3.361464174701225E-4	0.0	1.9773318674713088E-5	9.886659337356544E-6	3.9546637349426176E-5
10-11	8.650826920186976E-4	0.0	1.9773318674713088E-5	9.886659337356544E-6	3.9546637349426176E-5
12-13	0.0013940189665672727	0.0	1.9773318674713088E-5	9.886659337356544E-6	3.9546637349426176E-5
14-15	0.0014582822522600904	0.0	1.9773318674713088E-5	9.886659337356544E-6	3.9546637349426176E-5
16-17	0.0015423188566276208	0.0	1.9773318674713088E-5	9.886659337356544E-6	3.9546637349426176E-5
18-19	0.0016609587686758995	0.0	1.9773318674713088E-5	9.886659337356544E-6	3.9546637349426176E-5
20-21	0.0018685786147603868	0.0	1.9773318674713088E-5	9.886659337356544E-6	3.9546637349426176E-5
22-23	0.001997105186146022	0.0	1.9773318674713088E-5	9.886659337356544E-6	3.9546637349426176E-5
24-25	0.0021701217245497615	0.0	1.9773318674713088E-5	9.886659337356544E-6	3.9546637349426176E-5
26-27	0.002397514889308962	0.0	1.9773318674713088E-5	9.886659337356544E-6	4.9433296686782725E-5
28-29	0.0025754747573813797	0.0	1.9773318674713088E-5	9.886659337356544E-6	5.931995602413927E-5
30-31	0.0027830946034658674	1.9773318674713088E-5	1.9773318674713088E-5	1.9773318674713088E-5	5.931995602413927E-5
32-33	0.003035204416568459	2.9659978012069634E-5	1.9773318674713088E-5	1.9773318674713088E-5	5.931995602413927E-5
34-35	0.0032774275703336946	2.9659978012069634E-5	1.9773318674713088E-5	1.9773318674713088E-5	5.931995602413927E-5
36-37	0.0033812374933759382	2.9659978012069634E-5	1.9773318674713088E-5	1.9773318674713088E-5	5.931995602413927E-5
38-39	0.003598743998797782	2.9659978012069634E-5	1.9773318674713088E-5	1.9773318674713088E-5	5.931995602413927E-5
40-41	0.0038261371635569825	2.9659978012069634E-5	1.9773318674713088E-5	1.9773318674713088E-5	5.931995602413927E-5
42-43	0.004127680273346358	2.9659978012069634E-5	2.9659978012069634E-5	1.9773318674713088E-5	6.920661536149581E-5
44-45	0.004384733416117628	2.9659978012069634E-5	2.9659978012069634E-5	1.9773318674713088E-5	8.403660436753062E-5
46-47	0.004513259987503262	3.9546637349426176E-5	2.9659978012069634E-5	2.4716648343391363E-5	8.89799340362089E-5
48-49	0.004671446536900967	3.9546637349426176E-5	2.9659978012069634E-5	2.9659978012069634E-5	9.392326370488718E-5
50-51	0.004953216328015628	3.9546637349426176E-5	2.9659978012069634E-5	3.9546637349426176E-5	1.0380992304224372E-4
52-53	0.00509162955873862	4.9433296686782725E-5	3.4603307680747905E-5	3.9546637349426176E-5	1.0875325271092199E-4
54-55	0.005383286009190639	5.931995602413927E-5	3.9546637349426176E-5	3.9546637349426176E-5	1.1369658237960026E-4
56-57	0.005754035734341509	6.920661536149581E-5	3.9546637349426176E-5	3.9546637349426176E-5	1.1863991204827854E-4
58-59	0.006060522173799562	7.909327469885235E-5	3.9546637349426176E-5	3.9546637349426176E-5	1.2852657138563508E-4
60-61	0.0063818386022636495	7.909327469885235E-5	3.9546637349426176E-5	3.9546637349426176E-5	1.7301653840373952E-4
62-63	0.006629005085697563	7.909327469885235E-5	3.9546637349426176E-5	3.9546637349426176E-5	1.8784652740977436E-4
64-65	0.007004698140517112	7.909327469885235E-5	3.9546637349426176E-5	3.9546637349426176E-5	1.8784652740977436E-4
66-67	0.007469371129372869	7.909327469885235E-5	3.9546637349426176E-5	3.9546637349426176E-5	1.8784652740977436E-4
68-69	0.008200983920337253	7.909327469885235E-5	4.9433296686782725E-5	3.9546637349426176E-5	1.9278985707845263E-4
70-71	0.009120443238711412	7.909327469885235E-5	4.9433296686782725E-5	3.9546637349426176E-5	2.0761984608448744E-4
72-73	0.010445255589917189	7.909327469885235E-5	4.9433296686782725E-5	3.9546637349426176E-5	2.2244983509052226E-4
74-75	0.01221991094097269	7.909327469885235E-5	4.9433296686782725E-5	3.9546637349426176E-5	2.471664834339136E-4
76-77	0.014731122412661252	7.909327469885235E-5	4.9433296686782725E-5	3.9546637349426176E-5	2.471664834339136E-4
78-79	0.018962612609049852	7.909327469885235E-5	4.9433296686782725E-5	3.9546637349426176E-5	2.5705314277127016E-4
80-81	0.024983588145499988	7.909327469885235E-5	4.9433296686782725E-5	3.9546637349426176E-5	2.669398021086267E-4
82-83	0.03475655090047693	7.909327469885235E-5	4.9433296686782725E-5	3.9546637349426176E-5	2.7682646144598324E-4
84-85	0.048825267137535294	8.89799340362089E-5	4.9433296686782725E-5	3.9546637349426176E-5	2.867131207833398E-4
86-87	0.0690484288120981	8.89799340362089E-5	4.9433296686782725E-5	4.9433296686782725E-5	3.0648643945805287E-4
88-89	0.07411039839282466	8.89799340362089E-5	4.9433296686782725E-5	4.9433296686782725E-5	3.0648643945805287E-4
>>END_MODULE
