##FastQC	0.11.9
>>Basic Statistics	pass
#Measure	Value
Filename	SRR16676627_2.fastq
File type	Conventional base calls
Encoding	Sanger / Illumina 1.9
Total Sequences	13081594
Sequences flagged as poor quality	0
Sequence length	100
%GC	54
>>END_MODULE
>>Per base sequence quality	fail
#Base	Mean	Median	Lower Quartile	Upper Quartile	10th Percentile	90th Percentile
1	30.372922672879163	33.0	33.0	33.0	27.0	33.0
2	33.906750889838044	37.0	37.0	37.0	27.0	37.0
3	33.86368847710761	37.0	37.0	37.0	27.0	37.0
4	33.869607786329404	37.0	37.0	37.0	27.0	37.0
5	33.733031999005625	37.0	37.0	37.0	27.0	37.0
6	33.71313564692498	37.0	37.0	37.0	27.0	37.0
7	33.65725491862842	37.0	37.0	37.0	27.0	37.0
8	33.67260289533523	37.0	37.0	37.0	27.0	37.0
9	33.715985528980646	37.0	37.0	37.0	27.0	37.0
10-11	33.61661075095283	37.0	37.0	37.0	27.0	37.0
12-13	34.76131398818829	37.0	37.0	40.0	27.0	40.0
14-15	34.65341803911664	37.0	37.0	40.0	27.0	40.0
16-17	34.51170201429581	37.0	37.0	40.0	27.0	40.0
18-19	34.3993547728205	37.0	37.0	40.0	27.0	40.0
20-21	34.27415019148278	37.0	35.0	40.0	27.0	40.0
22-23	34.09991442938835	37.0	33.0	40.0	22.0	40.0
24-25	33.90967446321909	37.0	33.0	40.0	22.0	40.0
26-27	33.74043476658884	37.0	33.0	40.0	22.0	40.0
28-29	33.52580381259348	37.0	33.0	40.0	22.0	40.0
30-31	33.394433621774226	37.0	33.0	40.0	15.0	40.0
32-33	33.17938937716612	37.0	33.0	40.0	15.0	40.0
34-35	32.90992515896763	37.0	33.0	40.0	15.0	40.0
36-37	32.62332258591728	37.0	33.0	40.0	15.0	40.0
38-39	32.36271501011268	37.0	33.0	40.0	10.5	40.0
40-41	32.00569211978296	37.0	33.0	37.0	6.0	40.0
42-43	29.119323035098013	35.0	24.0	37.0	2.0	38.5
44-45	27.697253828547197	33.0	22.0	37.0	2.0	38.5
46-47	27.944979029314013	33.0	22.0	37.0	2.0	40.0
48-49	26.888557388342736	33.0	22.0	37.0	2.0	38.5
50-51	26.896740909402936	33.0	22.0	37.0	2.0	37.0
52-53	27.201780990909825	33.0	22.0	37.0	2.0	40.0
54-55	27.014461807941753	33.0	22.0	37.0	2.0	40.0
56-57	26.72575811479855	33.0	22.0	37.0	2.0	38.5
58-59	26.32592641233171	33.0	15.0	37.0	2.0	37.0
60-61	25.900128493515393	33.0	15.0	37.0	2.0	37.0
62-63	25.610472928604878	33.0	15.0	37.0	2.0	37.0
64-65	25.235269685024623	33.0	15.0	37.0	2.0	37.0
66-67	24.857894229097766	33.0	15.0	37.0	2.0	37.0
68-69	24.47883021747961	33.0	6.0	37.0	2.0	37.0
70-71	24.06802328523573	33.0	6.0	35.0	2.0	37.0
72-73	23.67294471147782	33.0	4.0	33.0	2.0	37.0
74-75	23.268858061181227	33.0	2.0	33.0	2.0	37.0
76-77	22.888163437880735	27.0	2.0	33.0	2.0	37.0
78-79	22.560660803262966	27.0	2.0	33.0	2.0	37.0
80-81	22.139287765695833	27.0	2.0	33.0	2.0	37.0
82-83	21.740836055606067	27.0	2.0	33.0	2.0	37.0
84-85	21.401390419240958	27.0	2.0	33.0	2.0	37.0
86-87	21.047129921628816	27.0	2.0	33.0	2.0	37.0
88-89	20.57357914486568	27.0	2.0	33.0	2.0	37.0
90-91	20.09622164546614	27.0	2.0	33.0	2.0	37.0
92-93	19.414975231611685	27.0	2.0	33.0	2.0	37.0
94-95	18.152152520556747	24.5	2.0	33.0	2.0	37.0
96-97	13.364384913642787	2.0	2.0	30.0	2.0	35.0
98-99	3.7883546913319583	2.0	2.0	2.0	2.0	17.5
100	2.0	2.0	2.0	2.0	2.0	2.0
>>END_MODULE
>>Per sequence quality scores	pass
#Quality	Count
2	723510.0
3	37290.0
4	32965.0
5	36454.0
6	38480.0
7	39543.0
8	45702.0
9	55862.0
10	64653.0
11	74752.0
12	88665.0
13	111625.0
14	150343.0
15	227451.0
16	370455.0
17	302527.0
18	199160.0
19	179174.0
20	180121.0
21	186425.0
22	199222.0
23	218610.0
24	246767.0
25	284586.0
26	335614.0
27	395648.0
28	473436.0
29	570229.0
30	695763.0
31	850296.0
32	1035488.0
33	1237383.0
34	1362142.0
35	1234428.0
36	682664.0
37	113519.0
38	642.0
>>END_MODULE
>>Per base sequence content	fail
#Base	G	A	T	C
1	29.009808365370038	21.327810739731582	22.911732662394122	26.75064823250426
2	29.510259471930052	26.90556998030505	18.182027400134277	25.402143147630625
3	31.34039405695325	28.427130600854806	19.88373709492	20.34873824727194
4	26.41081114220787	31.83177051557124	18.969233628253505	22.78818471396739
5	23.648043856114555	15.788808211524172	36.10419221358573	24.45895571877554
6	24.064655010958283	22.318431547621323	24.140984586547496	29.4759288548729
7	27.39441815175092	19.701540662401587	25.290008906415824	27.614032279431665
8	26.1171433256467	34.84330703213898	19.12961049693242	19.909939145281896
9	30.83209473878058	23.27427142699776	17.49035402208593	28.40327981213573
10-11	27.82924043261883	20.897986219844565	24.811014492421258	26.46175885511535
12-13	27.932087346104073	22.33384407740723	23.830881741393693	25.903186835095
14-15	29.24996738576484	22.578423140622604	22.729432878489774	25.442176595122774
16-17	28.916012099283115	22.52978831453671	23.13984455531495	25.41435503086522
18-19	28.69040077686612	22.794254022439638	22.977725342474447	25.53761985821979
20-21	29.798674113793155	22.693012096833545	22.38542148336315	25.122892306010147
22-23	28.807761064649696	24.138723670170506	22.203473842186426	24.850041422993378
24-25	27.93553099034029	24.99310326688002	22.303660253775313	24.767705489004374
26-27	28.473111852669973	23.794658811377143	22.30123408427158	25.430995251681303
28-29	29.24215674797504	22.898206650434506	22.58259251134315	25.2770440902473
30-31	28.511172286693924	23.851641264979083	22.649557244936727	24.98762920339027
32-33	28.641546839631143	23.951976120701037	22.246729107429093	25.15974793223873
34-35	27.01422556372354	24.018540378466152	23.117058987533355	25.850175070276947
36-37	26.13518652018326	23.003992847581472	24.114093154211986	26.746727478023285
38-39	29.198796766961948	22.553292185655103	22.38603378811508	25.861877259267867
40-41	29.72218032354882	22.52207656603926	22.522202708015957	25.233540402395967
42-43	30.50236105618843	22.52965795976651	21.926719128274037	25.041261855771026
44-45	29.548282670387465	22.081967843099317	21.922795065861862	26.446954420651352
46-47	29.632063276019196	22.25806582446488	21.746716088748844	26.36315481076708
48-49	28.80178768209512	21.926336380354037	21.69699749886934	27.5748784386815
50-51	28.317744365944964	22.951314310424003	22.32621162214634	26.404729701484698
52-53	27.190671584528115	22.20521014992031	23.29768020316286	27.30643806238872
54-55	26.917864193756557	23.125696458349566	23.703059353326758	26.253379994567123
56-57	26.607343108881647	23.340292531349892	24.0879270995612	25.96443726020726
58-59	26.58641813101826	25.737616438838916	21.749273538093572	25.926691892049252
60-61	26.66850413729605	26.082202415733896	21.467420588755	25.781872858215056
62-63	26.793543975211765	26.047522836969428	21.257555617191027	25.90137757062778
64-65	26.699839805452104	25.936085877704496	21.287501123691605	26.0765731931518
66-67	26.971564279943355	25.512558166480797	21.53002165540676	25.985855898169085
68-69	27.246645090169007	24.682075976179142	21.602381840546734	26.468897093105113
70-71	27.7705252657941	24.333546188097717	21.55268895127399	26.343239594834195
72-73	28.079201048124467	23.798364072680247	21.605921544457928	26.516513334737358
74-75	28.3972050663207	23.039059840615522	21.803002626363163	26.76073246670061
76-77	28.100997709731303	23.092540174013497	21.92086065245227	26.88560146380293
78-79	28.49549359682969	22.79670153720093	21.70773364424542	27.00007122172396
80-81	28.689845571585543	22.345678098608897	21.85833720046388	27.106139129341685
82-83	28.51493488790843	22.565384846804363	21.707017887719797	27.212662377567415
84-85	28.76485021428634	22.65294431392518	21.63047808650366	26.951727385284812
86-87	28.859953261392167	22.453388426348113	21.625079542572635	27.061578769687088
88-89	28.797734355853997	22.36452894495583	21.734929879345792	27.10280681984438
90-91	28.85928963451001	22.22881245421181	21.92479438904351	26.987103522234673
92-93	29.22501855488795	22.042965265924757	21.501065122670898	27.230951056516396
94-95	28.947120287779033	22.072442373954544	21.78839276802269	27.192044570243727
96-97	29.067935604932938	22.058938170104184	21.69417698760873	27.17894923735415
98-99	36.12282884314753	18.31768513479459	19.72433479041451	25.835151231643373
100	NaN	NaN	NaN	NaN
>>END_MODULE
>>Per sequence GC content	pass
#GC Content	Count
0	326.0
1	239.5
2	143.5
3	143.0
4	161.5
5	176.0
6	187.5
7	230.5
8	275.0
9	297.0
10	367.5
11	470.0
12	537.0
13	634.5
14	797.5
15	981.0
16	1226.0
17	1554.5
18	1996.5
19	2654.5
20	3666.0
21	4995.0
22	6912.5
23	9680.0
24	13771.0
25	19296.5
26	25969.5
27	33636.0
28	42495.0
29	53116.5
30	65549.0
31	79579.0
32	95917.0
33	109613.0
34	120807.0
35	134339.5
36	148689.0
37	164627.0
38	177739.5
39	189661.5
40	207709.5
41	227326.0
42	244650.5
43	258283.0
44	278213.0
45	312964.0
46	342750.0
47	374108.0
48	402007.5
49	416503.0
50	437430.5
51	463918.5
52	478800.5
53	481434.0
54	480862.0
55	472019.5
56	466958.0
57	458668.5
58	436645.0
59	413212.5
60	394437.0
61	365796.0
62	335607.5
63	311553.0
64	281342.0
65	248543.0
66	225655.0
67	202727.5
68	183468.5
69	174656.0
70	158211.0
71	136316.5
72	117899.0
73	111136.0
74	101436.5
75	86386.0
76	74022.5
77	65825.5
78	60292.5
79	52502.5
80	44636.0
81	37201.5
82	31140.0
83	27184.0
84	21940.5
85	16499.0
86	13280.5
87	11262.5
88	8068.0
89	4728.0
90	3206.5
91	2338.0
92	1636.5
93	1077.5
94	670.5
95	413.0
96	281.0
97	213.5
98	169.0
99	76.5
100	0.0
>>END_MODULE
>>Per base N content	fail
#Base	N-Count
1	0.007835436568357036
2	0.01992876403288468
3	0.030516158810615892
4	0.0015365100002339167
5	0.0020716129853900066
6	0.0012536698509371259
7	9.937626867184534E-5
8	0.0033558601497646235
9	0.001796417164452589
10-11	7.758993284763309E-4
12-13	1.9875253734369069E-4
14-15	0.004964991269412581
16-17	0.01889677970436936
18-19	0.010304554628434425
20-21	0.024243987391750578
22-23	0.03299292119905266
24-25	0.022459036719837046
26-27	0.011393871419645037
28-29	0.026304133884601524
30-31	0.010652371568785884
32-33	0.008737467314763016
34-35	0.006474746120388693
36-37	0.005381607164998394
38-39	0.0025799608212882926
40-41	0.008370539553513127
42-43	0.35817882744258844
44-45	0.042437488887057645
46-47	0.10718112792676489
48-49	0.13226599143804646
50-51	0.1545683194265164
52-53	0.15253875024710292
54-55	0.169830220996004
56-57	0.16923778554815264
58-59	0.21865836839149727
60-61	0.19571773898501973
62-63	0.2151381551820061
64-65	0.2529126037698464
66-67	0.24612444018672344
68-69	0.26275849869671847
70-71	0.2746033854895665
72-73	0.29128713213389745
74-75	0.34786662848579464
76-77	0.30328490549393294
78-79	0.2891161428798356
80-81	0.3309038638563465
82-83	0.33136252355790896
84-85	0.31952528109342027
86-87	0.3345502084837674
88-89	0.30850980392756416
90-91	0.3153323669883043
92-93	0.3409217561713045
94-95	0.36254756109996994
96-97	0.371101564534108
98-99	50.19134518316346
100	100.0
>>END_MODULE
>>Sequence Length Distribution	pass
#Length	Count
100	1.3081594E7
>>END_MODULE
>>Sequence Duplication Levels	warn
#Total Deduplicated Percentage	56.64351316828514
#Duplication Level	Percentage of deduplicated	Percentage of total
1	84.89427071864034	48.08709741363268
2	8.534363468242772	9.668326589926822
3	2.5789154386524693	4.382364918276149
4	1.1604161334107639	2.629201861341725
5	0.6707904228435525	1.8997963074749158
6	0.4057965143675486	1.379144412313347
7	0.3017272426418425	1.19636237292695
8	0.20608451835051686	0.9338680903173762
9	0.16198506999178022	0.8257863100630493
>10	0.9290619025024285	9.665647770664311
>50	0.0768965025362851	3.0219833883442724
>100	0.06514950165562293	7.752734603005367
>500	0.009630993590862261	3.755001867865187
>1k	0.004843545252299474	4.575932422458289
>5k	6.802732095926228E-5	0.22675167138960273
>10k+	0.0	0.0
>>END_MODULE
>>Overrepresented sequences	pass
>>END_MODULE
>>Adapter Content	pass
#Position	Illumina Universal Adapter	Illumina Small RNA 3' Adapter	Illumina Small RNA 5' Adapter	Nextera Transposase Sequence	SOLID Small RNA Adapter
1	0.0	0.0	0.0	0.0	7.644328359372719E-6
2	1.5288656718745438E-5	7.644328359372719E-6	0.0	0.0	1.5288656718745438E-5
3	3.0577313437490876E-5	7.644328359372719E-6	0.0	7.644328359372719E-6	2.2932985078118157E-5
4	3.822164179686359E-5	7.644328359372719E-6	0.0	7.644328359372719E-6	2.2932985078118157E-5
5	3.822164179686359E-5	7.644328359372719E-6	7.644328359372719E-6	7.644328359372719E-6	2.2932985078118157E-5
6	7.644328359372718E-5	7.644328359372719E-6	7.644328359372719E-6	7.644328359372719E-6	2.2932985078118157E-5
7	7.644328359372718E-5	7.644328359372719E-6	7.644328359372719E-6	7.644328359372719E-6	3.822164179686359E-5
8	1.5288656718745437E-4	7.644328359372719E-6	7.644328359372719E-6	7.644328359372719E-6	5.351029851560903E-5
9	1.6053089554682708E-4	7.644328359372719E-6	7.644328359372719E-6	7.644328359372719E-6	5.351029851560903E-5
10-11	2.904844776561633E-4	7.644328359372719E-6	7.644328359372719E-6	7.644328359372719E-6	5.351029851560903E-5
12-13	5.083478358982858E-4	7.644328359372719E-6	7.644328359372719E-6	7.644328359372719E-6	5.351029851560903E-5
14-15	6.115462687498175E-4	7.644328359372719E-6	1.5288656718745438E-5	1.5288656718745438E-5	7.644328359372718E-5
16-17	6.803452239841719E-4	7.644328359372719E-6	1.5288656718745438E-5	1.5288656718745438E-5	9.555410449215898E-5
18-19	7.376776866794674E-4	7.644328359372719E-6	1.5288656718745438E-5	1.9110820898431796E-5	9.937626867184534E-5
20-21	8.446982837106854E-4	7.644328359372719E-6	3.0577313437490876E-5	2.2932985078118157E-5	1.0702059703121806E-4
22-23	9.746518658200216E-4	7.644328359372719E-6	4.204380597654995E-5	2.2932985078118157E-5	1.223092537499635E-4
24-25	0.0011198941046481033	7.644328359372719E-6	4.5865970156236314E-5	2.2932985078118157E-5	1.2995358210933622E-4
26-27	0.0013110023136324212	7.644328359372719E-6	4.5865970156236314E-5	2.2932985078118157E-5	1.2995358210933622E-4
28-29	0.0014715332091792483	7.644328359372719E-6	4.5865970156236314E-5	2.2932985078118157E-5	1.337757462890226E-4
30-31	0.0016435305972651345	1.9110820898431796E-5	4.5865970156236314E-5	2.2932985078118157E-5	1.4142007464839528E-4
32-33	0.0017734841793744707	2.2932985078118157E-5	5.351029851560903E-5	2.2932985078118157E-5	1.4524223882808165E-4
34-35	0.001914904254022866	2.2932985078118157E-5	6.115462687498175E-5	2.2932985078118157E-5	1.4906440300776802E-4
36-37	0.0020257470152337705	2.2932985078118157E-5	7.644328359372718E-5	2.2932985078118157E-5	1.567087313671407E-4
38-39	0.0021251232839056156	2.2932985078118157E-5	7.644328359372718E-5	2.2932985078118157E-5	1.6053089554682708E-4
40-41	0.002266543358554011	2.2932985078118157E-5	7.644328359372718E-5	2.2932985078118157E-5	1.6053089554682708E-4
42-43	0.0023506309705071107	2.2932985078118157E-5	8.026544777341355E-5	3.0577313437490876E-5	1.7964171644525888E-4
44-45	0.0024958732093351924	2.2932985078118157E-5	8.408761195309991E-5	3.0577313437490876E-5	1.8346388062494525E-4
46-47	0.0025990716421867245	3.0577313437490876E-5	8.408761195309991E-5	3.0577313437490876E-5	1.8346388062494525E-4
48-49	0.0027481360451944922	3.0577313437490876E-5	8.408761195309991E-5	3.822164179686359E-5	1.8346388062494525E-4
50-51	0.0028169350004288466	3.0577313437490876E-5	8.408761195309991E-5	3.822164179686359E-5	1.9875253734369069E-4
52-53	0.002889556119842888	3.0577313437490876E-5	8.408761195309991E-5	3.822164179686359E-5	2.178633582421225E-4
54-55	0.0030386205228506557	3.0577313437490876E-5	8.408761195309991E-5	3.822164179686359E-5	2.2168552242180883E-4
56-57	0.003210617910936542	3.0577313437490876E-5	8.408761195309991E-5	4.204380597654995E-5	2.4079634332024066E-4
58-59	0.0033099941796083873	3.0577313437490876E-5	8.408761195309991E-5	6.115462687498175E-5	2.44618507499927E-4
60-61	0.003413192612459919	3.0577313437490876E-5	8.408761195309991E-5	6.115462687498175E-5	2.4844067167961335E-4
62-63	0.003566079179647373	3.4399477617177234E-5	8.790977613278627E-5	6.115462687498175E-5	2.522628358592997E-4
64-65	0.0037495430602723185	3.822164179686359E-5	9.937626867184534E-5	6.497679105466811E-5	2.6372932839835884E-4
66-67	0.003944473433436323	3.822164179686359E-5	1.0702059703121806E-4	6.879895523435447E-5	2.7519582093741787E-4
68-69	0.00418909194093625	3.822164179686359E-5	1.0702059703121806E-4	6.879895523435447E-5	2.7519582093741787E-4
70-71	0.0045598418663658265	3.822164179686359E-5	1.0702059703121806E-4	6.879895523435447E-5	2.8284014929679056E-4
72-73	0.004934413955975089	3.822164179686359E-5	1.1084276121090442E-4	6.879895523435447E-5	2.904844776561633E-4
74-75	0.005542138060545221	3.822164179686359E-5	1.223092537499635E-4	6.879895523435447E-5	2.9812880601553604E-4
76-77	0.006463279627849634	3.822164179686359E-5	1.3759791046870893E-4	6.879895523435447E-5	3.210617910936542E-4
78-79	0.007888946866872646	3.822164179686359E-5	1.3759791046870893E-4	6.879895523435447E-5	3.40172611992086E-4
80-81	0.009991137165700143	3.822164179686359E-5	1.4524223882808165E-4	6.879895523435447E-5	3.4399477617177234E-4
82-83	0.01312148962886327	3.822164179686359E-5	1.5288656718745437E-4	6.879895523435447E-5	3.4781694035145873E-4
84-85	0.017788352092260318	3.822164179686359E-5	1.5288656718745437E-4	6.879895523435447E-5	3.5928343289051777E-4
86-87	0.02460709298882078	3.822164179686359E-5	1.5288656718745437E-4	6.879895523435447E-5	3.669277612498905E-4
88-89	0.02648759776522647	3.822164179686359E-5	1.5288656718745437E-4	6.879895523435447E-5	3.669277612498905E-4
>>END_MODULE
