##FastQC	0.11.9
>>Basic Statistics	pass
#Measure	Value
Filename	SRR16676638_2.fastq
File type	Conventional base calls
Encoding	Sanger / Illumina 1.9
Total Sequences	10262893
Sequences flagged as poor quality	0
Sequence length	100
%GC	55
>>END_MODULE
>>Per base sequence quality	fail
#Base	Mean	Median	Lower Quartile	Upper Quartile	10th Percentile	90th Percentile
1	27.03342342164144	33.0	27.0	33.0	6.0	33.0
2	30.402531527903488	37.0	33.0	37.0	6.0	37.0
3	30.369326952936174	37.0	33.0	37.0	6.0	37.0
4	30.221983119184813	37.0	27.0	37.0	6.0	37.0
5	30.299978865608363	37.0	33.0	37.0	2.0	37.0
6	30.277781908083814	37.0	27.0	37.0	2.0	37.0
7	30.178575475745482	37.0	33.0	37.0	2.0	37.0
8	30.214153845314378	37.0	33.0	37.0	2.0	37.0
9	30.01086097263218	37.0	27.0	37.0	2.0	37.0
10-11	29.89642433181365	37.0	27.0	37.0	2.0	37.0
12-13	30.611733163348774	37.0	27.0	37.0	2.0	40.0
14-15	30.468231764669085	37.0	27.0	37.0	2.0	40.0
16-17	30.04920527769314	37.0	27.0	37.0	2.0	40.0
18-19	30.11555518507306	37.0	27.0	37.0	2.0	40.0
20-21	29.826222440397654	37.0	27.0	37.0	2.0	40.0
22-23	29.740634244164877	37.0	27.0	37.0	2.0	40.0
24-25	29.530216918367948	37.0	27.0	37.0	2.0	40.0
26-27	29.37236995455375	37.0	27.0	37.0	2.0	40.0
28-29	28.94253209109751	35.0	27.0	37.0	2.0	40.0
30-31	28.70766644453957	33.0	27.0	37.0	2.0	40.0
32-33	28.48381051035025	33.0	24.5	37.0	2.0	40.0
34-35	28.331201640706965	33.0	22.0	37.0	2.0	40.0
36-37	28.158577021118703	33.0	22.0	37.0	2.0	40.0
38-39	27.82540873221615	33.0	22.0	37.0	2.0	40.0
40-41	27.270914400062438	33.0	22.0	37.0	2.0	40.0
42-43	23.883041019720267	27.5	10.5	35.0	2.0	38.5
44-45	22.760549047914658	27.0	4.0	35.0	2.0	37.0
46-47	23.1829241520885	27.0	2.0	37.0	2.0	37.0
48-49	22.401522748020465	27.0	2.0	35.0	2.0	37.0
50-51	22.34933775495857	27.0	2.0	35.0	2.0	37.0
52-53	22.486230831793726	27.0	2.0	37.0	2.0	37.0
54-55	22.247509937012886	27.0	2.0	37.0	2.0	37.0
56-57	21.87768395324788	27.0	2.0	33.0	2.0	37.0
58-59	21.504035509285735	27.0	2.0	33.0	2.0	37.0
60-61	21.053511422169166	27.0	2.0	33.0	2.0	37.0
62-63	20.72339656079431	27.0	2.0	33.0	2.0	37.0
64-65	20.240613733379078	27.0	2.0	33.0	2.0	37.0
66-67	19.74974644089147	27.0	2.0	33.0	2.0	37.0
68-69	19.327639925701263	27.0	2.0	33.0	2.0	37.0
70-71	18.867684238742427	22.0	2.0	33.0	2.0	37.0
72-73	18.45692808061041	22.0	2.0	33.0	2.0	37.0
74-75	18.001053211799054	22.0	2.0	33.0	2.0	37.0
76-77	17.53779947817833	22.0	2.0	33.0	2.0	35.0
78-79	17.168397254068616	18.5	2.0	33.0	2.0	33.0
80-81	16.768558826443964	15.0	2.0	33.0	2.0	33.0
82-83	16.310839058733244	15.0	2.0	33.0	2.0	33.0
84-85	15.858190862946735	10.5	2.0	33.0	2.0	33.0
86-87	15.417780834312508	4.0	2.0	33.0	2.0	33.0
88-89	14.91487166435429	2.0	2.0	33.0	2.0	33.0
90-91	14.331368260392075	2.0	2.0	33.0	2.0	33.0
92-93	13.583262925960547	2.0	2.0	33.0	2.0	33.0
94-95	12.406311699829669	2.0	2.0	33.0	2.0	33.0
96-97	9.158013486060899	2.0	2.0	14.5	2.0	33.0
98-99	2.8642911409092933	2.0	2.0	2.0	2.0	2.0
100	2.0	2.0	2.0	2.0	2.0	2.0
>>END_MODULE
>>Per sequence quality scores	fail
#Quality	Count
2	1036026.0
3	62367.0
4	56256.0
5	58369.0
6	62785.0
7	68617.0
8	83220.0
9	100901.0
10	118306.0
11	136064.0
12	160790.0
13	198000.0
14	250275.0
15	317244.0
16	330030.0
17	240290.0
18	210493.0
19	208550.0
20	212007.0
21	219827.0
22	234664.0
23	257047.0
24	285769.0
25	323645.0
26	367862.0
27	417317.0
28	471004.0
29	526291.0
30	573965.0
31	608574.0
32	616380.0
33	577065.0
34	468224.0
35	291113.0
36	103094.0
37	10420.0
38	42.0
>>END_MODULE
>>Per base sequence content	fail
#Base	G	A	T	C
1	28.733104262372795	21.730154330517117	23.81454998237916	25.722191424730934
2	27.97332831101854	27.14428568392678	19.507813150393176	25.374572854661505
3	31.031657922756544	28.056171316628063	20.089028312293912	20.823142448321477
4	27.007779776673065	31.021492871745398	18.784190536565184	23.186536815016353
5	24.027485195433528	15.413284991838768	35.9653840183666	24.593845794361105
6	24.654501475672426	22.261017215707362	23.362785070203696	29.721696238416516
7	27.429953836360482	20.02084413484417	24.860430919748424	27.68877110904692
8	26.63255196326003	34.7542607164419	18.817532555354138	19.795654764943933
9	30.63562096598173	23.95250966605344	17.306532771039258	28.10533659692557
10-11	28.318387511612276	20.901249029752567	24.563814949576365	26.216548509058796
12-13	28.698300108074797	21.85079227164089	23.622618760115113	25.828288860169195
14-15	29.79397466277092	21.88707093117462	22.773255687337148	25.545698718717315
16-17	29.869296911894576	21.714365012061588	23.28687847061765	25.129459605426185
18-19	29.688464377038866	21.947494234809724	23.316148359836742	25.04789302831467
20-21	31.135351394063704	22.01160650164463	22.417362369046288	24.43567973524538
22-23	30.317237545054148	23.579537562822875	21.98215544291741	24.121069449205567
24-25	28.878525831791595	25.135671983091036	21.919556696187055	24.066245488930317
26-27	29.36916019102985	23.985333610137342	21.88491836027633	24.760587838556482
28-29	30.522038447678103	22.809175066146896	22.203545069190177	24.465241416984824
30-31	29.963753247296765	23.378368653986385	22.447189055728657	24.21068904298819
32-33	29.89176744532086	23.856946110669824	21.814528818367773	24.43675762564154
34-35	28.328389793657582	24.217483199687482	22.56490414726754	24.88922285938739
36-37	26.67668448019124	22.900232536316075	24.250654328134928	26.172428655357756
38-39	30.01130444242712	22.081707981741204	22.399799196699103	25.50718837913257
40-41	31.018182828206044	22.006923450264015	22.465636140722246	24.5092575808077
42-43	31.34259194021508	21.8542030204035	22.24870222541626	24.554502813965158
44-45	31.663890859619855	21.13905380225469	21.389480649587576	25.807574688537883
46-47	31.921855900899622	21.2223638783064	21.091070191047503	25.764710029746478
48-49	30.251485649858505	20.964359083947244	20.97873724529548	27.805418020898763
50-51	30.127727438297857	21.95771945551592	21.557892440185487	26.356660666000735
52-53	28.330019628529396	21.382534043535603	22.82531779756113	27.46212853037387
54-55	27.40107809152097	22.711909857894856	23.63480823177982	26.252203818804354
56-57	26.63162904032233	23.031330220496717	24.72495969093849	25.612081048242462
58-59	26.288969165884936	26.778867878918405	21.499947841051547	25.432215114145112
60-61	26.379916686688038	27.629308908088255	20.828279187293806	25.162495217929898
62-63	26.569496312484397	27.822468156935354	20.457131364982402	25.150904165597847
64-65	26.539247632255368	27.656081497505035	20.476802826244757	25.32786804399484
66-67	26.99556502049054	26.882791361651975	20.728720251608436	25.392923366249043
68-69	27.59781259447497	25.395588902750642	20.956647170809177	26.04995133196521
70-71	28.45246150002317	24.654823795135794	20.934167245392494	25.958547459448546
72-73	29.05582532687966	23.91357474217616	20.936956533417593	26.093643397526588
74-75	29.34705439893727	22.9058171081757	21.182580492861618	26.564548000025418
76-77	29.313084021972287	22.725361365980874	21.227519436559028	26.734035175487815
78-79	29.94891120011591	22.352087549090687	20.97369914505833	26.72530210573508
80-81	30.113583580561006	21.89013703927972	21.116843716520787	26.87943566363849
82-83	30.20950285219262	22.020634417395872	20.881267318000713	26.888595412410794
84-85	30.54646856206464	22.03718731963238	20.76603110810633	26.65031301019665
86-87	30.712450244492533	21.721160008532134	20.81553708338352	26.750852663591807
88-89	30.789884039397336	21.560805721833802	20.871770053694107	26.777540185074756
90-91	30.73621797479047	21.386042787162726	21.13801238075626	26.73972685729054
92-93	31.047682174156122	21.21272034813066	20.71266197679406	27.02693550091916
94-95	30.88660223192255	21.205879542078733	20.907444165883902	27.000074060114816
96-97	31.224693812612124	21.035987371328737	20.743025745302237	26.9962930707569
98-99	35.6145283708869	18.63273664465612	20.524748038467767	25.227986945989212
100	NaN	NaN	NaN	NaN
>>END_MODULE
>>Per sequence GC content	pass
#GC Content	Count
0	1331.0
1	968.5
2	487.0
3	350.0
4	333.5
5	336.5
6	345.5
7	375.0
8	413.5
9	415.5
10	471.5
11	562.0
12	620.0
13	744.5
14	864.0
15	1024.5
16	1277.0
17	1595.0
18	2103.0
19	2839.5
20	3805.0
21	5091.5
22	6970.0
23	9544.0
24	12891.0
25	17444.5
26	22809.0
27	29085.5
28	36871.5
29	46094.0
30	55774.5
31	65788.5
32	76507.5
33	86258.0
34	95367.0
35	105843.0
36	116676.5
37	127445.0
38	138787.0
39	149777.5
40	162148.0
41	175466.0
42	188686.0
43	203100.0
44	220751.5
45	243586.5
46	262312.0
47	282768.5
48	303162.0
49	316116.5
50	330330.0
51	343611.5
52	350752.5
53	350841.0
54	347630.5
55	339595.0
56	333877.5
57	325750.0
58	310129.5
59	296111.0
60	284406.5
61	269904.0
62	252970.0
63	237285.5
64	218292.0
65	198444.5
66	184910.5
67	169994.5
68	157460.5
69	152294.5
70	143964.0
71	130219.0
72	116051.5
73	108618.0
74	101613.0
75	91161.5
76	79845.0
77	69190.5
78	61050.0
79	54129.5
80	47362.0
81	40723.0
82	34969.5
83	30422.0
84	25639.5
85	20613.0
86	16557.5
87	13826.0
88	10933.0
89	7708.5
90	5659.5
91	4274.0
92	3151.0
93	2252.0
94	1613.5
95	1159.5
96	817.0
97	573.0
98	362.0
99	125.5
100	0.0
>>END_MODULE
>>Per base N content	fail
#Base	N-Count
1	0.02257648014063871
2	0.04555245777189726
3	0.0402810396639622
4	1.948768246926086E-5
5	0.0034103444321206505
6	0.001110797900747869
7	5.261674266700432E-4
8	6.33349680250978E-4
9	0.0016856845335910646
10-11	4.579605380276302E-4
12-13	9.110491554379453E-4
14-15	0.0024116007055710316
16-17	0.01355368315737093
18-19	0.004277546302002759
20-21	0.018708175170490428
22-23	0.032096213026872634
24-25	0.02241083483964999
26-27	0.005042437838921248
28-29	0.025192701512136977
30-31	0.0031034134332297916
32-33	0.00577322593151853
34-35	0.004964487109044204
36-37	0.008184826637089561
38-39	0.0011059259801305538
40-41	0.0205887365287741
42-43	0.4273746203921253
44-45	0.015716815911458883
46-47	0.08186288213274756
48-49	0.10946718435045556
50-51	0.14212366824831946
52-53	0.1417241707576996
54-55	0.14947052453923082
56-57	0.14203597367720777
58-59	0.1964699427344707
60-61	0.1714087830790012
62-63	0.1937611548712434
64-65	0.22288062440093648
66-67	0.21030132536702856
68-69	0.21519273366681305
70-71	0.22142392013635923
72-73	0.24162777493636542
74-75	0.31801949021586795
76-77	0.2790197656742597
78-79	0.26298627492267534
80-81	0.30463632428010307
82-83	0.29976927558340516
84-85	0.29542352239276004
86-87	0.3019177925756412
88-89	0.2870584346928298
90-91	0.2812608491582247
92-93	0.30193728025811045
94-95	0.3382623203808127
96-97	0.3570045989956243
98-99	50.93449283744847
100	100.0
>>END_MODULE
>>Sequence Length Distribution	pass
#Length	Count
100	1.0262893E7
>>END_MODULE
>>Sequence Duplication Levels	warn
#Total Deduplicated Percentage	66.14717185502454
#Duplication Level	Percentage of deduplicated	Percentage of total
1	89.26968711109744	59.049373347820314
2	6.156012172849593	8.144055902782101
3	1.8218277866942794	3.6152626709017643
4	0.8290244635501454	2.1935049464988396
5	0.4657189829273409	1.540299679992103
6	0.29882022959758436	1.185966784856958
7	0.2021718281246234	0.9361166261442763
8	0.14417439124067444	0.7629382587592348
9	0.10888302601300183	0.6482073810399425
>10	0.5947430418419386	7.214737183895951
>50	0.05190488469580093	2.402828394657945
>100	0.04820184105326779	6.6213919732376
>500	0.006376961304871804	2.909478158725902
>1k	0.0024238984225243066	2.6535572738950246
>5k	2.9380586939688566E-5	0.12228141679188724
>10k+	0.0	0.0
>>END_MODULE
>>Overrepresented sequences	pass
>>END_MODULE
>>Adapter Content	pass
#Position	Illumina Universal Adapter	Illumina Small RNA 3' Adapter	Illumina Small RNA 5' Adapter	Nextera Transposase Sequence	SOLID Small RNA Adapter
1	0.0	0.0	0.0	0.0	9.74384123463043E-6
2	1.948768246926086E-5	0.0	0.0	9.74384123463043E-6	9.74384123463043E-6
3	2.923152370389129E-5	0.0	0.0	9.74384123463043E-6	9.74384123463043E-6
4	4.871920617315215E-5	0.0	0.0	1.948768246926086E-5	9.74384123463043E-6
5	5.846304740778258E-5	0.0	1.948768246926086E-5	1.948768246926086E-5	4.871920617315215E-5
6	1.559014597540869E-4	9.74384123463043E-6	1.948768246926086E-5	1.948768246926086E-5	5.846304740778258E-5
7	1.656453009887173E-4	9.74384123463043E-6	2.923152370389129E-5	1.948768246926086E-5	5.846304740778258E-5
8	5.846304740778258E-4	9.74384123463043E-6	2.923152370389129E-5	1.948768246926086E-5	5.846304740778258E-5
9	6.138619977817171E-4	9.74384123463043E-6	2.923152370389129E-5	1.948768246926086E-5	5.846304740778258E-5
10-11	0.0014518323439599342	9.74384123463043E-6	2.923152370389129E-5	1.948768246926086E-5	5.846304740778258E-5
12-13	0.0023141622932247273	9.74384123463043E-6	2.923152370389129E-5	1.948768246926086E-5	5.846304740778258E-5
14-15	0.002421344546805662	9.74384123463043E-6	2.923152370389129E-5	1.948768246926086E-5	5.846304740778258E-5
16-17	0.002528526800386597	9.74384123463043E-6	2.923152370389129E-5	2.4359603086576076E-5	5.846304740778258E-5
18-19	0.002689300180757999	1.4615761851945647E-5	2.923152370389129E-5	3.897536493852172E-5	5.846304740778258E-5
20-21	0.002898792767302553	1.948768246926086E-5	3.4103444321206505E-5	3.897536493852172E-5	5.846304740778258E-5
22-23	0.003005975020883488	1.948768246926086E-5	3.897536493852172E-5	3.897536493852172E-5	6.33349680250978E-5
24-25	0.0031034134332297916	1.948768246926086E-5	3.897536493852172E-5	4.384728555583694E-5	6.820688864241301E-5
26-27	0.00328854641668777	1.948768246926086E-5	3.897536493852172E-5	4.871920617315215E-5	7.307880925972823E-5
28-29	0.0034785513207630635	2.923152370389129E-5	3.897536493852172E-5	4.871920617315215E-5	8.282265049435866E-5
30-31	0.0036198370186652047	6.820688864241301E-5	3.897536493852172E-5	4.871920617315215E-5	8.769457111167387E-5
32-33	0.0037367631134807696	7.795072987704344E-5	3.897536493852172E-5	5.846304740778258E-5	8.769457111167387E-5
34-35	0.0038536892082963355	7.795072987704344E-5	3.897536493852172E-5	5.846304740778258E-5	1.0718225358093474E-4
36-37	0.00396087146187727	8.282265049435866E-5	3.897536493852172E-5	5.846304740778258E-5	1.1692609481556517E-4
38-39	0.00408266947731015	8.769457111167387E-5	3.897536493852172E-5	5.846304740778258E-5	1.266699360501956E-4
40-41	0.0042336990164469224	8.769457111167387E-5	3.897536493852172E-5	5.846304740778258E-5	1.266699360501956E-4
42-43	0.004345753190645172	8.769457111167387E-5	3.897536493852172E-5	5.846304740778258E-5	1.4128569790214124E-4
44-45	0.004472423126695367	9.74384123463043E-5	3.897536493852172E-5	5.846304740778258E-5	1.4615761851945644E-4
46-47	0.004584477300893617	9.74384123463043E-5	3.897536493852172E-5	5.846304740778258E-5	1.5102953913677166E-4
48-49	0.0047403787606477045	1.0231033296361953E-4	3.897536493852172E-5	6.820688864241301E-5	1.7538914222334773E-4
50-51	0.004910895982253737	1.0718225358093474E-4	3.897536493852172E-5	7.795072987704344E-5	1.7538914222334773E-4
52-53	0.005081413203859769	1.0718225358093474E-4	3.897536493852172E-5	7.795072987704344E-5	1.7538914222334773E-4
54-55	0.005251930425465802	1.0718225358093474E-4	3.897536493852172E-5	8.769457111167387E-5	1.8026106284066296E-4
56-57	0.005456551091393041	1.0718225358093474E-4	3.897536493852172E-5	8.769457111167387E-5	1.9000490407529338E-4
58-59	0.005553989503739345	1.0718225358093474E-4	3.897536493852172E-5	8.769457111167387E-5	2.1436450716186945E-4
60-61	0.005705019042876116	1.0718225358093474E-4	3.897536493852172E-5	8.769457111167387E-5	2.4846795148307597E-4
62-63	0.005909639708803356	1.1692609481556516E-4	4.871920617315215E-5	8.769457111167387E-5	2.6308371333502164E-4
64-65	0.006216570707694215	1.1692609481556516E-4	4.871920617315215E-5	8.769457111167387E-5	2.6308371333502164E-4
66-67	0.00657709283337554	1.1692609481556516E-4	5.846304740778258E-5	8.769457111167387E-5	2.6308371333502164E-4
68-69	0.006898639594118345	1.1692609481556516E-4	5.846304740778258E-5	8.769457111167387E-5	2.6308371333502164E-4
70-71	0.007361472052763289	1.1692609481556516E-4	5.846304740778258E-5	9.74384123463043E-5	2.7282755456965204E-4
72-73	0.008004565574248898	1.1692609481556516E-4	5.846304740778258E-5	9.74384123463043E-5	2.7282755456965204E-4
74-75	0.00915433883993529	1.1692609481556516E-4	6.820688864241301E-5	9.74384123463043E-5	2.7282755456965204E-4
76-77	0.010776688405501255	1.266699360501956E-4	6.820688864241301E-5	9.74384123463043E-5	2.7282755456965204E-4
78-79	0.01310546646057793	1.266699360501956E-4	6.820688864241301E-5	1.0718225358093474E-4	2.7282755456965204E-4
80-81	0.016471963607142745	1.266699360501956E-4	6.820688864241301E-5	1.0718225358093474E-4	2.7282755456965204E-4
82-83	0.021816460524337535	1.315418566675108E-4	6.820688864241301E-5	1.1692609481556516E-4	2.7769947518696726E-4
84-85	0.029796666495499856	1.4615761851945647E-4	6.820688864241301E-5	1.1692609481556516E-4	2.825713958042825E-4
86-87	0.04081207901124956	1.559014597540869E-4	6.820688864241301E-5	1.1692609481556516E-4	2.923152370389129E-4
88-89	0.04355497031879802	1.559014597540869E-4	6.820688864241301E-5	1.1692609481556516E-4	2.923152370389129E-4
>>END_MODULE
