##FastQC	0.11.9
>>Basic Statistics	pass
#Measure	Value
Filename	SRR16676637_2.fastq
File type	Conventional base calls
Encoding	Sanger / Illumina 1.9
Total Sequences	10844752
Sequences flagged as poor quality	0
Sequence length	100
%GC	55
>>END_MODULE
>>Per base sequence quality	fail
#Base	Mean	Median	Lower Quartile	Upper Quartile	10th Percentile	90th Percentile
1	27.29729033914284	33.0	27.0	33.0	6.0	33.0
2	30.704813443405623	37.0	33.0	37.0	6.0	37.0
3	30.6744407802041	37.0	33.0	37.0	6.0	37.0
4	30.531602382424236	37.0	33.0	37.0	6.0	37.0
5	30.607436758350953	37.0	33.0	37.0	6.0	37.0
6	30.593562028896557	37.0	33.0	37.0	6.0	37.0
7	30.487948179912273	37.0	33.0	37.0	6.0	37.0
8	30.517950894589383	37.0	33.0	37.0	6.0	37.0
9	30.31280955064717	37.0	33.0	37.0	6.0	37.0
10-11	30.20290556206357	37.0	30.0	37.0	2.0	37.0
12-13	30.938045517315658	37.0	33.0	37.0	2.0	40.0
14-15	30.793960848528393	37.0	30.0	37.0	2.0	40.0
16-17	30.377927130099426	37.0	27.0	37.0	2.0	40.0
18-19	30.440517957441536	37.0	27.0	37.0	2.0	40.0
20-21	30.14681626652228	37.0	27.0	37.0	2.0	40.0
22-23	30.063702517125336	37.0	27.0	37.0	2.0	40.0
24-25	29.853721044058915	37.0	27.0	37.0	2.0	40.0
26-27	29.68755620229951	37.0	27.0	37.0	2.0	40.0
28-29	29.257328798298015	35.0	27.0	37.0	2.0	40.0
30-31	29.017892617553635	33.0	27.0	37.0	2.0	40.0
32-33	28.792355140993543	33.0	27.0	37.0	2.0	40.0
34-35	28.635620667028626	33.0	27.0	37.0	2.0	40.0
36-37	28.46282335455896	33.0	24.5	37.0	2.0	40.0
38-39	28.127783788877792	33.0	22.0	37.0	2.0	40.0
40-41	27.56480678396334	33.0	22.0	37.0	2.0	40.0
42-43	24.131295441334203	27.5	14.0	35.0	2.0	38.5
44-45	22.99556112486482	27.0	6.0	35.0	2.0	37.0
46-47	23.43457393032132	33.0	4.0	37.0	2.0	37.0
48-49	22.642383062332822	27.0	2.0	35.0	2.0	37.0
50-51	22.58534708769735	27.0	2.0	35.0	2.0	37.0
52-53	22.72759768964749	27.0	2.0	37.0	2.0	37.0
54-55	22.49006215172094	27.0	2.0	37.0	2.0	37.0
56-57	22.12245572789493	27.0	2.0	35.0	2.0	37.0
58-59	21.74203047704549	27.0	2.0	33.0	2.0	37.0
60-61	21.28828658322477	27.0	2.0	33.0	2.0	37.0
62-63	20.95841656867764	27.0	2.0	33.0	2.0	37.0
64-65	20.471302248313286	27.0	2.0	33.0	2.0	37.0
66-67	19.97609392081995	27.0	2.0	33.0	2.0	37.0
68-69	19.551228511265172	27.0	2.0	33.0	2.0	37.0
70-71	19.088531761722166	22.0	2.0	33.0	2.0	37.0
72-73	18.677866999632634	22.0	2.0	33.0	2.0	37.0
74-75	18.21785514320659	22.0	2.0	33.0	2.0	37.0
76-77	17.756087829394346	22.0	2.0	33.0	2.0	35.0
78-79	17.390684176088122	22.0	2.0	33.0	2.0	33.0
80-81	16.987505062356426	15.0	2.0	33.0	2.0	33.0
82-83	16.529743096015473	15.0	2.0	33.0	2.0	33.0
84-85	16.075477290766997	15.0	2.0	33.0	2.0	33.0
86-87	15.63611067362352	6.0	2.0	33.0	2.0	33.0
88-89	15.134483895989508	2.0	2.0	33.0	2.0	33.0
90-91	14.547924931801115	2.0	2.0	33.0	2.0	33.0
92-93	13.798692768631316	2.0	2.0	33.0	2.0	33.0
94-95	12.607934787259312	2.0	2.0	33.0	2.0	33.0
96-97	9.311654475823882	2.0	2.0	17.5	2.0	33.0
98-99	2.882008274601392	2.0	2.0	2.0	2.0	2.0
100	2.0	2.0	2.0	2.0	2.0	2.0
>>END_MODULE
>>Per sequence quality scores	fail
#Quality	Count
2	1011734.0
3	64934.0
4	58339.0
5	61438.0
6	66338.0
7	72238.0
8	86841.0
9	106705.0
10	125266.0
11	141924.0
12	167893.0
13	207566.0
14	263403.0
15	337505.0
16	352736.0
17	255459.0
18	223373.0
19	218854.0
20	222549.0
21	231539.0
22	247781.0
23	269867.0
24	301578.0
25	341665.0
26	389314.0
27	442614.0
28	499149.0
29	559266.0
30	612711.0
31	651782.0
32	665176.0
33	626484.0
34	510656.0
35	321809.0
36	116606.0
37	11619.0
38	41.0
>>END_MODULE
>>Per base sequence content	fail
#Base	G	A	T	C
1	28.619703641218848	21.547764959398492	23.893588933966324	25.938942465416336
2	27.96285598469796	27.055676539055572	19.463024529279064	25.518442946967408
3	31.02461447349122	28.09508347039815	20.010230278117813	20.87007177799282
4	26.738599482569857	30.999398879586792	18.772264807604124	23.489736830239224
5	23.751844855544526	15.340151940942492	36.00805765585658	24.899945547656404
6	24.438188415485975	21.971119399888426	23.40887903251834	30.18181315210726
7	27.292437760674304	19.785211427026503	24.872566913032536	28.049783899266657
8	26.63017077847854	34.45630359995471	18.795001278044595	20.11852434352216
9	30.5242192711433	23.580387782024253	17.305952688107	28.589440258725446
10-11	28.14597753863301	20.697516148311763	24.60373419868923	26.552772114365997
12-13	28.567462828022013	21.706994806015604	23.577989205932763	26.147553160029624
14-15	29.651005760812627	21.781986351209007	22.691633722861877	25.875374165116494
16-17	29.63267282333154	21.615966596769194	23.23877154131425	25.51258903858502
18-19	29.53407664047145	21.834559194251977	23.23310710200448	25.39825706327209
20-21	30.920945750054564	21.908625957553184	22.357468168946692	24.812960123445556
22-23	30.081264141459073	23.459716393916004	21.965831324663295	24.493188139961628
24-25	28.781768462697006	24.86886515760046	21.91059463643818	24.43877174326435
26-27	29.214521705965062	23.720021784901213	21.902406335252884	25.16305017388084
28-29	30.363305610381335	22.59465782764103	22.18357285273945	24.85846370923819
30-31	29.795558246541876	23.181764174218966	22.41965889688936	24.6030186823498
32-33	29.800725986670123	23.614794296476386	21.72597666472076	24.858503052132725
34-35	28.31757268239495	23.92562162947736	22.457832531875795	25.298973156251897
36-37	26.738198780460532	22.650166373143847	24.089157469246963	26.522477377148657
38-39	29.9813889643742	21.947176490213	22.258537650070668	25.81289689534213
40-41	30.918474672909795	21.8987325894528	22.337864178317353	24.84492855932005
42-43	31.177774002268915	21.767875386721467	22.143252962690116	24.9110976483195
44-45	31.59346471509829	21.028486481920126	21.261085843652946	26.11696295932864
46-47	31.76209608594081	21.142362241799482	21.058089443418844	26.037452228840863
48-49	30.259086231698827	20.857587732404433	20.87415812921974	28.009167906677
50-51	30.088195046832304	21.820079666565995	21.455881999180075	26.635843287421622
52-53	28.39290216923206	21.248155584134246	22.71568659273751	27.643255653896187
54-55	27.60878018403557	22.49047242802656	23.384440882647066	26.516306505290803
56-57	26.938779901321563	22.797666358140724	24.344266935059306	25.919286805478407
58-59	26.61634915744574	26.296754114578285	21.316199380185193	25.770697347790783
60-61	26.763237664804578	27.035853621497875	20.693812366915786	25.50709634678176
62-63	26.96873198194255	27.179438590302524	20.387161324040026	25.4646681037149
64-65	26.983709484889673	27.012830716827764	20.356318743574565	25.64714105470799
66-67	27.372678842875164	26.283819935037634	20.64865339389095	25.694847828196256
68-69	27.940604733556434	24.879823920106436	20.835515433559404	26.344055912777726
70-71	28.747539233406222	24.22684957090404	20.79475194188113	26.230859253808603
72-73	29.38435705084573	23.490819198170335	20.79035172895391	26.334472022030024
74-75	29.65522996001536	22.532130497772364	21.065738714905898	26.746900827306376
76-77	29.552920826368933	22.394336053007216	21.08129703786924	26.971446082754607
78-79	30.182200581467512	22.051816354417536	20.80680778625228	26.95917527786267
80-81	30.352716152828496	21.62875009954758	20.947719784638696	27.07081396298523
82-83	30.434239127720392	21.749946771839223	20.743610817146145	27.07220328329424
84-85	30.75637626895549	21.780424873728734	20.602965881139088	26.86023297617669
86-87	30.91542135415255	21.474730515904238	20.646857097192232	26.962991032750978
88-89	30.93529590873497	21.348056810371077	20.73661312401785	26.980034156876098
90-91	30.87212763110429	21.167681861404997	20.97415694480034	26.986033562690377
92-93	31.262658934430583	20.982461878212657	20.55714757961266	27.197731607744103
94-95	31.06242830233058	20.988395687674913	20.759583083430503	27.189592926564004
96-97	31.42595768693384	20.807827290245665	20.61246894240008	27.153746080420415
98-99	35.487552084719184	18.577977748164994	20.526952517051615	25.40751765006421
100	NaN	NaN	NaN	NaN
>>END_MODULE
>>Per sequence GC content	pass
#GC Content	Count
0	1856.0
1	1291.5
2	596.5
3	449.0
4	415.5
5	400.0
6	416.5
7	412.5
8	431.0
9	456.0
10	473.0
11	573.5
12	699.5
13	790.0
14	884.5
15	1100.0
16	1345.5
17	1631.0
18	2171.0
19	2878.0
20	3781.5
21	5117.5
22	7015.5
23	9414.5
24	12768.0
25	17235.5
26	22634.5
27	29132.0
28	37038.5
29	46331.5
30	56137.5
31	66835.0
32	78076.0
33	87495.0
34	96238.0
35	106394.5
36	117462.0
37	129029.5
38	140819.0
39	152009.5
40	164967.5
41	178586.0
42	191291.5
43	205260.5
44	223643.5
45	249574.0
46	271084.0
47	292559.5
48	313502.0
49	327578.0
50	343321.5
51	360051.5
52	370344.5
53	371378.0
54	368793.5
55	360385.0
56	354924.0
57	346759.5
58	331714.5
59	318592.0
60	307098.5
61	292101.0
62	274533.5
63	259093.0
64	239505.0
65	218001.0
66	202514.0
67	185816.0
68	171779.0
69	167128.0
70	159061.0
71	144138.5
72	129389.0
73	120238.5
74	110424.5
75	98153.5
76	85794.5
77	74953.0
78	66561.0
79	58962.5
80	51907.0
81	44976.0
82	38857.0
83	34156.5
84	28706.5
85	22637.5
86	18189.0
87	15347.5
88	12166.0
89	8473.5
90	5996.0
91	4398.0
92	3229.0
93	2302.0
94	1596.0
95	1095.0
96	783.5
97	557.5
98	368.0
99	147.5
100	0.0
>>END_MODULE
>>Per base N content	fail
#Base	N-Count
1	0.0223241619540954
2	0.04509093430628935
3	0.04040664092641307
4	2.7663149881159105E-5
5	0.003752967333877252
6	9.405470959594096E-4
7	3.7806304837584114E-4
8	5.532629976231822E-4
9	0.001899536291839592
10-11	3.9189462331642067E-4
12-13	8.391155463951596E-4
14-15	0.0025357887391062517
16-17	0.013734753915995497
18-19	0.004320061906441014
20-21	0.01915673129270268
22-23	0.03341247453146001
24-25	0.023721151023093936
26-27	0.0050162511784501845
28-29	0.026123234537774584
30-31	0.0029369044123830584
32-33	0.005657114150697038
34-35	0.005080798528172889
36-37	0.008340439689169471
38-39	0.0010235365456028871
40-41	0.02148504640770024
42-43	0.4342238531595743
44-45	0.015159406134875191
46-47	0.08398993356417925
48-49	0.11232160956746637
50-51	0.14516237900138243
52-53	0.1455219999498375
54-55	0.1528250715184635
56-57	0.1460706524224805
58-59	0.19991697366615666
60-61	0.17427784425130238
62-63	0.1974088480769316
64-65	0.2256206504307337
66-67	0.2130246961848459
68-69	0.2190460418089782
70-71	0.2254085662816448
72-73	0.24533986577101996
74-75	0.32136281216942536
76-77	0.2814863816157345
78-79	0.26595813348244385
80-81	0.30742058462932115
82-83	0.30250576500043524
84-85	0.2979874505198459
86-87	0.30498622743977916
88-89	0.28962856873075565
90-91	0.2849212227259784
92-93	0.3063048375841144
94-95	0.34318903742565987
96-97	0.36169107417117513
98-99	50.96339224723627
100	100.0
>>END_MODULE
>>Sequence Length Distribution	pass
#Length	Count
100	1.0844752E7
>>END_MODULE
>>Sequence Duplication Levels	warn
#Total Deduplicated Percentage	64.8520352832867
#Duplication Level	Percentage of deduplicated	Percentage of total
1	89.19956865634542	57.84773573755266
2	6.157556074668371	7.9866008762641885
3	1.813103518317802	3.5275036002659195
4	0.8572786296786631	2.223850557581133
5	0.4600699797478757	1.4918237279695112
6	0.3087335938990145	1.2013201154804876
7	0.20656201126354612	0.937717678985511
8	0.13907867161840012	0.7215627935159302
9	0.11136912473355062	0.6500262966020082
>10	0.6309797278382302	7.502669229831141
>50	0.05508935901263849	2.5080615656059826
>100	0.05071685766170483	6.9017393786986
>500	0.006809839330717434	3.0661854972469493
>1k	0.0030271087712028	3.2279394343027734
>5k	5.684711307423099E-5	0.20526351009724203
>10k+	0.0	0.0
>>END_MODULE
>>Overrepresented sequences	pass
>>END_MODULE
>>Adapter Content	pass
#Position	Illumina Universal Adapter	Illumina Small RNA 3' Adapter	Illumina Small RNA 5' Adapter	Nextera Transposase Sequence	SOLID Small RNA Adapter
1	9.22104996038637E-6	0.0	0.0	0.0	9.22104996038637E-6
2	3.688419984154548E-5	0.0	0.0	9.22104996038637E-6	9.22104996038637E-6
3	4.6105249801931846E-5	0.0	0.0	9.22104996038637E-6	1.844209992077274E-5
4	6.454734972270459E-5	0.0	0.0	9.22104996038637E-6	2.766314988115911E-5
5	8.298944964347732E-5	0.0	0.0	9.22104996038637E-6	4.6105249801931846E-5
6	1.4753679936618192E-4	9.22104996038637E-6	0.0	9.22104996038637E-6	5.532629976231822E-5
7	1.4753679936618192E-4	9.22104996038637E-6	0.0	2.766314988115911E-5	5.532629976231822E-5
8	4.3338934813815937E-4	9.22104996038637E-6	0.0	2.766314988115911E-5	6.454734972270459E-5
9	4.4261039809854574E-4	9.22104996038637E-6	0.0	3.688419984154548E-5	6.454734972270459E-5
10-11	0.0012632838445729325	9.22104996038637E-6	0.0	4.149472482173866E-5	6.454734972270459E-5
12-13	0.0021116204409284784	9.22104996038637E-6	0.0	5.071577478212503E-5	6.454734972270459E-5
14-15	0.0022176625154729217	9.22104996038637E-6	0.0	5.532629976231822E-5	8.75999746236705E-5
16-17	0.0023375361649579447	1.844209992077274E-5	0.0	5.532629976231822E-5	9.682102458405688E-5
18-19	0.002448188764482581	1.844209992077274E-5	0.0	5.532629976231822E-5	1.0143154956425006E-4
20-21	0.0026372202886705016	1.844209992077274E-5	0.0	5.532629976231822E-5	1.1065259952463643E-4
22-23	0.0027847570880366835	1.844209992077274E-5	0.0	5.532629976231822E-5	1.198736494850228E-4
24-25	0.002941514937363252	1.844209992077274E-5	0.0	5.532629976231822E-5	1.24484174465216E-4
26-27	0.003144378036491752	1.844209992077274E-5	0.0	5.532629976231822E-5	1.3370522442560236E-4
28-29	0.0033564621855806387	1.844209992077274E-5	0.0	5.532629976231822E-5	1.3831574940579555E-4
30-31	0.0035270516098477862	3.6884199841545474E-5	0.0	5.532629976231822E-5	1.3831574940579555E-4
32-33	0.003665367359253582	4.6105249801931846E-5	0.0	5.532629976231822E-5	1.4753679936618192E-4
34-35	0.00383595678352073	4.6105249801931846E-5	0.0	5.532629976231822E-5	1.4753679936618192E-4
36-37	0.0039051146582236274	5.071577478212503E-5	0.0	5.532629976231822E-5	1.6136837430676148E-4
38-39	0.00402498830770865	5.532629976231822E-5	0.0	5.99368247425114E-5	1.75199949247341E-4
40-41	0.004117198807312514	5.532629976231822E-5	0.0	6.454734972270459E-5	1.75199949247341E-4
42-43	0.004269346131658889	5.532629976231822E-5	9.22104996038637E-6	6.454734972270459E-5	1.9364204916811375E-4
44-45	0.004366167156242946	5.532629976231822E-5	9.22104996038637E-6	6.454734972270459E-5	2.0286309912850013E-4
46-47	0.00454597763047048	5.532629976231822E-5	9.22104996038637E-6	6.915787470289778E-5	2.120841490888865E-4
48-49	0.004725788104698014	5.532629976231822E-5	1.844209992077274E-5	8.298944964347732E-5	2.2130519904927287E-4
50-51	0.004919430153866129	5.532629976231822E-5	2.766314988115911E-5	1.0604207454444325E-4	2.397472989700456E-4
52-53	0.005113072203034242	6.454734972270459E-5	2.766314988115911E-5	1.1065259952463643E-4	2.397472989700456E-4
54-55	0.005251387952440037	6.454734972270459E-5	2.766314988115911E-5	1.1065259952463643E-4	2.5357887391062514E-4
56-57	0.005394314226826026	6.454734972270459E-5	2.766314988115911E-5	1.1065259952463643E-4	2.5818939889081836E-4
58-59	0.005564903651093174	6.915787470289778E-5	2.766314988115911E-5	1.1065259952463643E-4	2.5818939889081836E-4
60-61	0.005758545700261288	7.376839968309096E-5	2.766314988115911E-5	1.1065259952463643E-4	2.6741044885120473E-4
62-63	0.005910693024607663	7.376839968309096E-5	2.766314988115911E-5	1.1065259952463643E-4	2.766314988115911E-4
64-65	0.0061781034734588675	7.376839968309096E-5	2.766314988115911E-5	1.1065259952463643E-4	2.8585254877197747E-4
66-67	0.006473177072191231	7.837892466328413E-5	2.766314988115911E-5	1.1065259952463643E-4	2.8585254877197747E-4
68-69	0.0067359769960622425	9.221049960386369E-5	2.766314988115911E-5	1.1065259952463643E-4	3.042946486927502E-4
70-71	0.0071002084694975045	9.221049960386369E-5	2.766314988115911E-5	1.1065259952463643E-4	3.1351569865313653E-4
72-73	0.007621197792259334	9.221049960386369E-5	2.766314988115911E-5	1.1065259952463643E-4	3.319577985739093E-4
74-75	0.008594018563080097	9.221049960386369E-5	2.766314988115911E-5	1.198736494850228E-4	3.319577985739093E-4
76-77	0.010115491806543846	9.221049960386369E-5	2.766314988115911E-5	1.198736494850228E-4	3.3656832355410244E-4
78-79	0.012356206946917735	9.221049960386369E-5	2.766314988115911E-5	1.198736494850228E-4	3.4117884853429565E-4
80-81	0.015574353383092578	9.221049960386369E-5	2.766314988115911E-5	1.198736494850228E-4	3.4117884853429565E-4
82-83	0.02050300458691909	9.221049960386369E-5	2.766314988115911E-5	1.24484174465216E-4	3.50399898494682E-4
84-85	0.028096539229297265	9.221049960386369E-5	3.2273674861352295E-5	1.2909469944540918E-4	3.7806304837584114E-4
86-87	0.03870074668374159	9.221049960386369E-5	3.688419984154548E-5	1.2909469944540918E-4	3.7806304837584114E-4
88-89	0.041439398521976346	9.221049960386369E-5	3.688419984154548E-5	1.2909469944540918E-4	3.7806304837584114E-4
>>END_MODULE
