##FastQC	0.11.9
>>Basic Statistics	pass
#Measure	Value
Filename	SRR16676625_2.fastq
File type	Conventional base calls
Encoding	Sanger / Illumina 1.9
Total Sequences	13359490
Sequences flagged as poor quality	0
Sequence length	100
%GC	54
>>END_MODULE
>>Per base sequence quality	fail
#Base	Mean	Median	Lower Quartile	Upper Quartile	10th Percentile	90th Percentile
1	30.67484507267867	33.0	33.0	33.0	27.0	33.0
2	34.24647175902673	37.0	37.0	37.0	33.0	37.0
3	34.20359766727622	37.0	37.0	37.0	27.0	37.0
4	34.20578577475637	37.0	37.0	37.0	33.0	37.0
5	34.07294020954393	37.0	37.0	37.0	27.0	37.0
6	34.05386545444474	37.0	37.0	37.0	27.0	37.0
7	33.99908102779373	37.0	37.0	37.0	27.0	37.0
8	34.01393623558983	37.0	37.0	37.0	27.0	37.0
9	34.05939635420214	37.0	37.0	37.0	27.0	37.0
10-11	33.96171642779777	37.0	37.0	37.0	27.0	37.0
12-13	35.1085255125757	37.0	37.0	40.0	27.0	40.0
14-15	34.99946622213872	37.0	37.0	40.0	27.0	40.0
16-17	34.855976912292306	37.0	37.0	40.0	27.0	40.0
18-19	34.744846435006124	37.0	37.0	40.0	27.0	40.0
20-21	34.61924504603095	37.0	37.0	40.0	27.0	40.0
22-23	34.44713024224727	37.0	35.0	40.0	27.0	40.0
24-25	34.2565834848486	37.0	33.0	40.0	27.0	40.0
26-27	34.092522693605815	37.0	33.0	40.0	22.0	40.0
28-29	33.876853233169825	37.0	33.0	40.0	22.0	40.0
30-31	33.74781192994643	37.0	33.0	40.0	22.0	40.0
32-33	33.5377637544547	37.0	33.0	40.0	22.0	40.0
34-35	33.26506213934813	37.0	33.0	40.0	18.5	40.0
36-37	32.98126421742147	37.0	33.0	40.0	15.0	40.0
38-39	32.71743737972034	37.0	33.0	40.0	15.0	40.0
40-41	32.3579980223796	37.0	33.0	37.0	15.0	40.0
42-43	29.426989653048132	35.0	27.5	37.0	4.0	38.5
44-45	27.965319147662072	33.0	22.0	37.0	2.0	38.5
46-47	28.215999525430988	33.0	22.0	37.0	2.0	40.0
48-49	27.137656153041767	33.0	22.0	37.0	2.0	38.5
50-51	27.143606080771047	33.0	22.0	37.0	2.0	37.0
52-53	27.454193086712145	33.0	22.0	37.0	2.0	40.0
54-55	27.265859924293515	33.0	22.0	37.0	2.0	40.0
56-57	26.975725757495233	33.0	22.0	37.0	2.0	38.5
58-59	26.569126965176068	33.0	22.0	37.0	2.0	37.0
60-61	26.133202090798378	33.0	15.0	37.0	2.0	37.0
62-63	25.838641594851303	33.0	15.0	37.0	2.0	37.0
64-65	25.458485054444445	33.0	15.0	37.0	2.0	37.0
66-67	25.078320991295328	33.0	15.0	37.0	2.0	37.0
68-69	24.690278408831475	33.0	15.0	37.0	2.0	37.0
70-71	24.277556141738945	33.0	6.0	33.0	2.0	37.0
72-73	23.876338580290117	33.0	6.0	33.0	2.0	37.0
74-75	23.469296657282577	33.0	4.0	33.0	2.0	37.0
76-77	23.083192285034833	30.0	2.0	33.0	2.0	37.0
78-79	22.74914285650126	27.0	2.0	33.0	2.0	37.0
80-81	22.317516724066564	27.0	2.0	33.0	2.0	37.0
82-83	21.9101881134684	27.0	2.0	33.0	2.0	37.0
84-85	21.56589611579484	27.0	2.0	33.0	2.0	37.0
86-87	21.20755717471251	27.0	2.0	33.0	2.0	37.0
88-89	20.72319695587182	27.0	2.0	33.0	2.0	37.0
90-91	20.234930113350135	27.0	2.0	33.0	2.0	37.0
92-93	19.529162677617187	27.0	2.0	33.0	2.0	37.0
94-95	18.22712513726198	24.5	2.0	33.0	2.0	37.0
96-97	13.357985596755565	2.0	2.0	30.0	2.0	35.0
98-99	3.7399156330069485	2.0	2.0	2.0	2.0	17.5
100	2.0	2.0	2.0	2.0	2.0	2.0
>>END_MODULE
>>Per sequence quality scores	pass
#Quality	Count
2	606213.0
3	35965.0
4	31883.0
5	35627.0
6	37541.0
7	38438.0
8	45101.0
9	55466.0
10	64488.0
11	75431.0
12	89430.0
13	113616.0
14	154439.0
15	237209.0
16	388992.0
17	312728.0
18	204680.0
19	186074.0
20	187118.0
21	193603.0
22	206311.0
23	226929.0
24	256509.0
25	296212.0
26	350016.0
27	415867.0
28	496326.0
29	600494.0
30	730198.0
31	894072.0
32	1088251.0
33	1289036.0
34	1405172.0
35	1244073.0
36	659839.0
37	105507.0
38	636.0
>>END_MODULE
>>Per base sequence content	fail
#Base	G	A	T	C
1	29.756533897530485	21.17306115806391	22.227764281951554	26.842640662454052
2	30.229112643143928	26.776977721370542	17.834732716640378	25.159176918845148
3	31.45753139966002	28.383317438483484	19.688369095559956	20.470782066296536
4	26.12518006204524	31.916358691079548	18.754358392261143	23.204102854614064
5	23.38715786529924	15.70329896703488	36.02142850940609	24.888114658259784
6	24.344857378091124	21.638706334585468	24.085608102134962	29.930828185188446
7	27.0972828575013	19.448831675733388	25.362214805430995	28.091670661334323
8	26.263415346918084	34.1169920279493	19.283029695157147	20.336562929975468
9	30.56192379417224	23.022460738302485	17.554563435254344	28.861052032270933
10-11	27.505388809234187	20.817078703056875	24.89456392815889	26.782968559550042
12-13	27.672976712502212	22.273183180358764	23.896275932317497	26.15756417482153
14-15	28.88087969485914	22.553555278185623	22.77009770478128	25.79546732217396
16-17	28.495431675476073	22.546893937241517	23.1594365229607	25.798237864321717
18-19	28.337719104363206	22.715702510087375	23.058111182299392	25.888467203250027
20-21	29.263533382281192	22.724625543452444	22.503948391142682	25.507892683123686
22-23	28.468231978474652	23.970514773219374	22.35774964722623	25.203503601079742
24-25	27.82161039406754	24.601038631108665	22.403832137459336	25.173518837364455
26-27	28.211815247897732	23.51294842120484	22.46902862127343	25.806207709623997
28-29	28.730385883934765	22.90015540837272	22.75042608803175	25.619032619660757
30-31	28.20188001104647	23.710747917763534	22.75063476405687	25.336737307133127
32-33	28.338306243213996	23.753407599845968	22.400679543681058	25.507606613258975
34-35	27.068509324051377	23.799652929728527	23.07460363967153	26.057234106548567
36-37	26.39511491757638	23.01890769764212	23.844453899723867	26.741523485057634
38-39	28.80063605755104	22.632493931040692	22.4705789136502	26.09629109775807
40-41	29.14563143862507	22.63381429361197	22.62728653886391	25.59326772889905
42-43	29.848425921039805	22.65913888616066	22.106934721155188	25.385500471644345
44-45	29.35210516005195	22.16712581655492	21.959362613886345	26.52140640950678
46-47	29.308979552489014	22.353968602646823	21.935510073513868	26.401541771350303
48-49	28.579883659212733	22.09695085592787	21.862565629118947	27.460599855740455
50-51	28.2659522129417	22.84961330098425	22.36564774545056	26.518786740623497
52-53	27.409763910077068	22.279681809916664	23.12965456114522	27.180899718861053
54-55	27.172182779817504	22.986465364190035	23.397821327631192	26.443530528361265
56-57	26.95892098947913	23.13939926029341	23.667180546540695	26.234499203686767
58-59	26.859554923514633	25.026963824421706	21.91036769035616	26.203113561707504
60-61	26.996733365225563	25.283871653139343	21.635448869127725	26.083946112507373
62-63	27.108209733350495	25.231023273133385	21.473064700469017	26.187702293047106
64-65	27.026031202443452	25.18729019024327	21.48388498602891	26.302793621284366
66-67	27.282858266479902	24.832001942553163	21.655231930927705	26.229907860039226
68-69	27.485486744957534	24.130427073672607	21.72261422275541	26.661471958614452
70-71	27.87448359600957	23.923815040932713	21.68366662417131	26.51803473888641
72-73	28.188236497010543	23.46381921604273	21.72517729378384	26.622766993162887
74-75	28.49575580119498	22.806599342021773	21.8691585766437	26.82848628013954
76-77	28.180143384178187	22.89325583817991	21.985650320169604	26.940950457472297
78-79	28.557730084010867	22.645868394475237	21.76151781149486	27.034883710019038
80-81	28.713881767436067	22.28276865263014	21.871692035410724	27.13165754452307
82-83	28.55854220196147	22.45539947973335	21.771598998519558	27.21445931978562
84-85	28.77740609643591	22.519400005113834	21.732094543488202	26.971099354962057
86-87	28.870195880540155	22.335768775148985	21.701776077794342	27.092259266516518
88-89	28.831297323552597	22.29963248282118	21.805909152444432	27.063161041181793
90-91	28.932881654152602	22.171777004504705	21.897786184813466	26.99755515652923
92-93	29.267748693820693	21.975369276091026	21.542423469031373	27.214458561056908
94-95	28.96048252664938	22.030844335242342	21.81893471004911	27.18973842805917
96-97	29.11189602564235	22.000077009694767	21.6881201276107	27.19990683705218
98-99	36.43060505440553	18.214284372489836	19.61669292829561	25.738417644809026
100	NaN	NaN	NaN	NaN
>>END_MODULE
>>Per sequence GC content	pass
#GC Content	Count
0	237.0
1	194.5
2	140.5
3	131.0
4	146.5
5	170.5
6	185.0
7	197.0
8	227.5
9	263.5
10	317.5
11	385.5
12	478.0
13	598.0
14	737.5
15	927.5
16	1205.5
17	1568.0
18	1953.5
19	2574.5
20	3602.0
21	4873.0
22	6753.5
23	9462.0
24	13188.0
25	18352.5
26	24715.0
27	31928.5
28	40132.5
29	50171.0
30	61769.5
31	74956.5
32	89605.0
33	102176.5
34	113587.0
35	127261.0
36	141379.0
37	156527.0
38	170169.0
39	184615.5
40	203960.5
41	223407.5
42	241747.5
43	258744.0
44	281679.0
45	317386.0
46	348993.0
47	381688.0
48	411969.5
49	432132.5
50	459249.0
51	486021.5
52	500926.5
53	505696.5
54	506416.0
55	500634.0
56	496674.5
57	485369.0
58	459828.5
59	434369.0
60	412041.0
61	381762.5
62	349924.0
63	322821.0
64	290568.5
65	256758.0
66	232292.0
67	207284.0
68	186784.5
69	176571.0
70	159574.5
71	138728.0
72	120489.5
73	109519.5
74	97920.0
75	84105.0
76	71997.0
77	63310.0
78	57424.0
79	49915.5
80	41994.0
81	35095.0
82	29409.0
83	25435.5
84	20594.0
85	15708.5
86	12705.0
87	10792.5
88	7918.5
89	4789.5
90	3231.5
91	2334.0
92	1702.0
93	1192.5
94	744.5
95	471.5
96	370.5
97	275.0
98	206.5
99	95.0
100	0.0
>>END_MODULE
>>Per base N content	fail
#Base	N-Count
1	0.007777242993557389
2	0.019866027819924265
3	0.030023601200345224
4	0.0015419750304839482
5	0.0020809177595851338
6	0.0011003414052482543
7	1.0479441954745278E-4
8	0.0033159948471086845
9	0.0016692253970772837
10-11	6.849063848994236E-4
12-13	1.9087554989000331E-4
14-15	0.005060073401005577
16-17	0.018410133919782867
18-19	0.009951727199167034
20-21	0.02320822127191981
22-23	0.03188370214731251
24-25	0.021490341322909782
26-27	0.011014642026005484
28-29	0.025363992188324552
30-31	0.010307279694060176
32-33	0.008338641669704458
34-35	0.006078076333752262
36-37	0.0052247503460087176
38-39	0.0024065289917504333
40-41	0.008570686455845244
42-43	0.35197825665500704
44-45	0.043609449163104275
46-47	0.10719346322352126
48-49	0.1314833126114844
50-51	0.15440334922964874
52-53	0.15237482867983734
54-55	0.17024601987051902
56-57	0.17003268837358312
58-59	0.21804350315768042
60-61	0.19494381896314902
62-63	0.21394529282180685
64-65	0.2513456726267245
66-67	0.2447623374844399
68-69	0.26222932162829565
70-71	0.27296326431622764
72-73	0.28939727489597283
74-75	0.34758437634969597
76-77	0.3022383339483768
78-79	0.28755214458036943
80-81	0.3300200831019747
82-83	0.33086966643187726
84-85	0.3194470747012049
86-87	0.33376274094295516
88-89	0.3084024914124716
90-91	0.3149296866871415
92-93	0.3403423334273988
94-95	0.36222191116577057
96-97	0.3703547066542211
98-99	50.1912498156741
100	100.0
>>END_MODULE
>>Sequence Length Distribution	pass
#Length	Count
100	1.335949E7
>>END_MODULE
>>Sequence Duplication Levels	warn
#Total Deduplicated Percentage	57.96010919617211
#Duplication Level	Percentage of deduplicated	Percentage of total
1	84.49988762853471	48.97622714014144
2	8.872371671233422	10.284872617874264
3	2.607111042511703	4.533253221315732
4	1.1896205118339498	2.7580213907160758
5	0.6537807180494848	1.8946600904249977
6	0.4181896816364548	1.4542991767416824
7	0.2890950979535984	1.1729188411828044
8	0.20624397207746312	0.9563138514129627
9	0.15823056249674233	0.825395461243463
>10	0.9596249377747211	10.280094882115561
>50	0.07470417638861845	3.000427851781944
>100	0.05956927855063869	7.145388076950773
>500	0.007865820638604982	3.1612181504026537
>1k	0.003678901019357358	3.4698317428540433
>5k	2.5999300490158004E-5	0.08707750484163342
>10k+	0.0	0.0
>>END_MODULE
>>Overrepresented sequences	pass
>>END_MODULE
>>Adapter Content	pass
#Position	Illumina Universal Adapter	Illumina Small RNA 3' Adapter	Illumina Small RNA 5' Adapter	Nextera Transposase Sequence	SOLID Small RNA Adapter
1	0.0	7.485315681960913E-6	0.0	0.0	1.4970631363921826E-5
2	0.0	7.485315681960913E-6	0.0	0.0	1.4970631363921826E-5
3	7.485315681960913E-6	7.485315681960913E-6	0.0	0.0	1.4970631363921826E-5
4	7.485315681960913E-6	7.485315681960913E-6	0.0	0.0	1.4970631363921826E-5
5	7.485315681960913E-6	7.485315681960913E-6	0.0	0.0	2.245594704588274E-5
6	2.245594704588274E-5	7.485315681960913E-6	0.0	0.0	2.994126272784365E-5
7	3.742657840980457E-5	7.485315681960913E-6	0.0	0.0	2.994126272784365E-5
8	1.7964757636706192E-4	7.485315681960913E-6	0.0	0.0	4.491189409176548E-5
9	1.8713289204902282E-4	7.485315681960913E-6	7.485315681960913E-6	7.485315681960913E-6	4.491189409176548E-5
10-11	3.5555249489314337E-4	7.485315681960913E-6	7.485315681960913E-6	7.485315681960913E-6	4.865455193274594E-5
12-13	5.464280447831467E-4	7.485315681960913E-6	7.485315681960913E-6	1.4970631363921826E-5	5.239720977372639E-5
14-15	6.137958859207949E-4	7.485315681960913E-6	7.485315681960913E-6	2.245594704588274E-5	5.6139867614706844E-5
16-17	6.437371486486384E-4	1.8713289204902283E-5	7.485315681960913E-6	2.6198604886863196E-5	5.98825254556873E-5
18-19	7.260756211502086E-4	2.994126272784365E-5	7.485315681960913E-6	2.994126272784365E-5	7.111049897862867E-5
20-21	8.68296619107466E-4	2.994126272784365E-5	2.245594704588274E-5	2.994126272784365E-5	7.485315681960913E-5
22-23	0.0010105176170647234	2.994126272784365E-5	3.742657840980457E-5	2.994126272784365E-5	8.233847250157004E-5
24-25	0.001171451904226883	2.994126272784365E-5	3.742657840980457E-5	2.994126272784365E-5	8.982378818353096E-5
26-27	0.001351099480593945	2.994126272784365E-5	3.742657840980457E-5	2.994126272784365E-5	9.356644602451141E-5
28-29	0.0014633792158233586	2.994126272784365E-5	5.98825254556873E-5	2.994126272784365E-5	9.730910386549188E-5
30-31	0.001590629582416694	4.491189409176548E-5	6.736784113764822E-5	2.994126272784365E-5	9.730910386549188E-5
32-33	0.0016804533706002251	4.491189409176548E-5	6.736784113764822E-5	2.994126272784365E-5	1.0479441954745278E-4
34-35	0.0017740198166247365	4.491189409176548E-5	6.736784113764822E-5	2.994126272784365E-5	1.122797352294137E-4
36-37	0.0018563582891263065	4.491189409176548E-5	7.485315681960913E-5	2.994126272784365E-5	1.2725036659333552E-4
38-39	0.0019611527086737593	4.491189409176548E-5	7.485315681960913E-5	2.994126272784365E-5	1.3473568227529643E-4
40-41	0.0020846604174261144	4.865455193274594E-5	7.485315681960913E-5	2.994126272784365E-5	1.5719162932117917E-4
42-43	0.0021782268634506254	5.239720977372639E-5	8.233847250157004E-5	2.994126272784365E-5	1.72162260685101E-4
44-45	0.002301734572202981	5.6139867614706844E-5	8.60811303425505E-5	3.368392056882411E-5	1.72162260685101E-4
46-47	0.0023915583603865117	5.98825254556873E-5	8.982378818353096E-5	3.742657840980457E-5	1.8713289204902282E-4
48-49	0.002473896832888082	5.98825254556873E-5	8.982378818353096E-5	4.491189409176548E-5	2.058461812539251E-4
50-51	0.002559977963230632	5.98825254556873E-5	8.982378818353096E-5	5.239720977372639E-5	2.1707415477686647E-4
52-53	0.002661029724937105	6.362518329666776E-5	9.730910386549188E-5	5.239720977372639E-5	2.245594704588274E-4
54-55	0.0027246549082337724	6.736784113764822E-5	9.730910386549188E-5	5.239720977372639E-5	2.2830212829980784E-4
56-57	0.0028406773013041663	6.736784113764822E-5	9.730910386549188E-5	5.239720977372639E-5	2.320447861407883E-4
58-59	0.0029379864051696583	7.485315681960913E-5	9.730910386549188E-5	5.98825254556873E-5	2.320447861407883E-4
60-61	0.003039038166876131	7.485315681960913E-5	1.0479441954745278E-4	6.736784113764822E-5	2.470154175047101E-4
62-63	0.0031400899285826027	7.859581466058959E-5	1.197650509113746E-4	6.736784113764822E-5	2.582433910276515E-4
64-65	0.003327222820631626	8.60811303425505E-5	1.30993024434316E-4	7.485315681960913E-5	2.657287067096124E-4
66-67	0.003581723553818297	8.982378818353096E-5	1.384783401162769E-4	7.485315681960913E-5	2.6947136455059286E-4
68-69	0.003922305417347519	8.982378818353096E-5	1.4222099795725736E-4	7.485315681960913E-5	2.6947136455059286E-4
70-71	0.004330255122014388	8.982378818353096E-5	1.6467694500314008E-4	7.485315681960913E-5	2.6947136455059286E-4
72-73	0.004745690142363219	9.356644602451141E-5	1.6841960284412054E-4	7.485315681960913E-5	2.6947136455059286E-4
74-75	0.005299603502828327	9.730910386549188E-5	1.72162260685101E-4	8.233847250157004E-5	2.769566802325538E-4
76-77	0.0062240399895504995	9.730910386549188E-5	1.7590491852608148E-4	8.233847250157004E-5	2.844419959145147E-4
78-79	0.007515256944688757	1.0479441954745278E-4	1.8339023420804236E-4	8.233847250157004E-5	2.919273115964756E-4
80-81	0.009487637626885457	1.0479441954745278E-4	1.8713289204902282E-4	8.233847250157004E-5	3.1438325864235835E-4
82-83	0.012227263166483152	1.0479441954745278E-4	1.8713289204902282E-4	8.60811303425505E-5	3.1438325864235835E-4
84-85	0.016523834367928716	1.0479441954745278E-4	1.8713289204902282E-4	8.982378818353096E-5	3.1438325864235835E-4
86-87	0.022684249174182547	1.0853707738843325E-4	1.908755498900033E-4	8.982378818353096E-5	3.2935389000628016E-4
88-89	0.024439555701602382	1.122797352294137E-4	1.9461820773098375E-4	8.982378818353096E-5	3.2935389000628016E-4
>>END_MODULE
